1	84	84
2	40	124
3	51	175
4	195	370
5	51	421
6	13	434
7	16	450
8	19	469
9	8	477
10	40	517
11	27	544
12	77	621
13	33	654
14	32	686
15	24	710
16	13	723
17	27	750
18	24	774
19	102	876
20	57	933
21	27	960
22	19	979
23	34	1013
24	28	1041
25	18	1059
26	21	1080
27	168	1248
28	18	1266
29	31	1297
30	14	1311
31	20	1331
32	53	1384
33	14	1398
34	21	1419
35	12	1431
36	19	1450
37	16	1466
38	23	1489
39	25	1514
40	17	1531
41	123	1654
42	24	1678
43	14	1692
44	21	1713
45	23	1736
46	159	1895
47	15	1910
48	13	1923
49	23	1946
50	46	1992
51	21	2013
52	102	2115
53	11	2126
54	9	2135
55	11	2146
56	14	2160
57	75	2235
58	84	2319
59	36	2355
60	86	2441
61	62	2503
62	30	2533
63	32	2565
64	53	2618
65	80	2698
66	25	2723
67	20	2743
68	19	2762
69	14	2776
70	32	2808
71	29	2837
72	18	2855
73	21	2876
74	26	2902
75	25	2927
76	23	2950
77	43	2993
78	26	3019
79	17	3036
80	22	3058
81	18	3076
82	13	3089
83	21	3110
84	36	3146
85	26	3172
86	26	3198
87	25	3223
88	19	3242
89	8	3250
90	17	3267
91	20	3287
92	37	3324
93	10	3334
94	40	3374
95	15	3389
96	15	3404
97	14	3418
98	28	3446
99	13	3459
100	57	3516
101	93	3609
102	142	3751
103	23	3774
104	59	3833
105	39	3872
106	12	3884
107	10	3894
108	6	3900
109	6	3906
110	5	3911
111	6	3917
112	9	3926
113	19	3945
114	26	3971
115	46	4017
116	40	4057
117	38	4095
118	19	4114
119	21	4135
120	27	4162
121	13	4175
122	61	4236
123	16	4252
124	33	4285
125	27	4312
126	42	4354
127	14	4368
128	12	4380
129	22	4402
130	35	4437
131	121	4558
132	26	4584
133	12	4596
134	32	4628
135	21	4649
136	87	4736
137	49	4785
138	27	4812
139	32	4844
140	40	4884
141	16	4900
142	13	4913
143	36	4949
144	17	4966
145	18	4984
146	66	5050
147	32	5082
148	40	5122
149	25	5147
150	21	5168
151	23	5191
152	79	5270
153	64	5334
154	21	5355
155	16	5371
156	37	5408
157	37	5445
158	15	5460
159	17	5477
160	10	5487
161	21	5508
162	10	5518
163	14	5532
164	18	5550
165	14	5564
166	32	5596
167	23	5619
168	11	5630
169	30	5660
170	14	5674
171	10	5684
172	14	5698
173	15	5713
174	14	5727
175	17	5744
176	12	5756
177	20	5776
178	37	5813
179	10	5823
180	24	5847
181	12	5859
182	12	5871
183	25	5896
184	53	5949
185	21	5970
186	54	6024
187	29	6053
188	140	6193
189	29	6222
190	32	6254
191	13	6267
192	18	6285
193	14	6299
194	33	6332
195	27	6359
196	54	6413
197	28	6441
198	18	6459
199	75	6534
200	18	6552
201	54	6606
202	45	6651
203	26	6677
204	94	6771
205	16	6787
206	18	6805
207	16	6821
208	15	6836
209	30	6866
210	10	6876
211	16	6892
212	19	6911
213	19	6930
214	30	6960
215	17	6977
216	85	7062
217	66	7128
218	32	7160
219	45	7205
220	36	7241
221	9	7250
222	17	7267
223	7	7274
224	14	7288
225	36	7324
226	10	7334
227	10	7344
228	16	7360
229	13	7373
230	36	7409
231	36	7445
232	22	7467
233	14	7481
234	19	7500
235	46	7546
236	41	7587
237	40	7627
238	49	7676
239	22	7698
240	28	7726
241	14	7740
242	8	7748
243	23	7771
244	182	7953
245	50	8003
246	18	8021
247	12	8033
248	23	8056
249	22	8078
250	31	8109
251	47	8156
252	40	8196
253	32	8228
254	30	8258
255	41	8299
256	43	8342
257	21	8363
258	22	8385
259	19	8404
260	18	8422
261	34	8456
262	54	8510
263	51	8561
264	18	8579
265	37	8616
266	37	8653
267	41	8694
268	15	8709
269	13	8722
270	38	8760
271	18	8778
272	45	8823
273	52	8875
274	19	8894
275	16	8910
276	8	8918
277	42	8960
278	78	9038
279	41	9079
280	26	9105
281	13	9118
282	15	9133
283	18	9151
284	91	9242
285	16	9258
286	15	9273
287	52	9325
288	50	9375
289	37	9412
290	36	9448
291	22	9470
292	11	9481
293	17	9498
294	34	9532
295	15	9547
296	228	9775
297	36	9811
298	19	9830
299	25	9855
300	15	9870
301	7	9877
302	16	9893
303	40	9933
304	38	9971
305	20	9991
306	18	10009
307	30	10039
308	16	10055
309	19	10074
310	25	10099
311	36	10135
312	21	10156
313	52	10208
314	43	10251
315	25	10276
316	7	10283
317	35	10318
318	42	10360
319	10	10370
320	51	10421
321	9	10430
322	24	10454
323	72	10526
324	13	10539
325	26	10565
326	23	10588
327	12	10600
328	39	10639
329	100	10739
330	13	10752
331	84	10836
332	3	10839
333	28	10867
334	23	10890
335	62	10952
336	44	10996
337	20	11016
338	30	11046
339	29	11075
340	63	11138
341	39	11177
342	127	11304
343	91	11395
344	43	11438
345	30	11468
346	31	11499
347	101	11600
348	484	12084
349	19	12103
350	121	12224
351	34	12258
352	43	12301
353	42	12343
354	60	12403
355	82	12485
356	10	12495
357	17	12512
358	39	12551
359	19	12570
360	19	12589
361	11	12600
362	11	12611
363	12	12623
364	12	12635
365	25	12660
366	62	12722
367	50	12772
368	26	12798
369	15	12813
370	26	12839
371	17	12856
372	29	12885
373	160	13045
374	21	13066
375	35	13101
376	14	13115
377	15	13130
378	43	13173
379	72	13245
380	10	13255
381	12	13267
382	21	13288
383	45	13333
384	45	13378
385	74	13452
386	29	13481
387	24	13505
388	10	13515
389	25	13540
390	21	13561
391	16	13577
392	19	13596
393	12	13608
394	16	13624
395	26	13650
396	17	13667
397	32	13699
398	16	13715
399	26	13741
400	11	13752
401	15	13767
402	27	13794
403	29	13823
404	47	13870
405	18	13888
406	30	13918
407	19	13937
408	45	13982
409	34	14016
410	31	14047
411	82	14129
412	35	14164
413	44	14208
414	45	14253
415	14	14267
416	21	14288
417	24	14312
418	31	14343
419	79	14422
420	21	14443
421	30	14473
422	25	14498
423	105	14603
424	23	14626
425	35	14661
426	29	14690
427	57	14747
428	7	14754
429	22	14776
430	44	14820
431	32	14852
432	58	14910
433	31	14941
434	27	14968
435	12	14980
436	37	15017
437	22	15039
438	44	15083
439	45	15128
440	90	15218
441	175	15393
442	121	15514
443	87	15601
444	13	15614
445	141	15755
446	11	15766
447	72	15838
448	22	15860
449	49	15909
450	32	15941
451	31	15972
452	46	16018
453	95	16113
454	75	16188
455	50	16238
456	12	16250
457	47	16297
458	39	16336
459	16	16352
460	25	16377
461	18	16395
462	15	16410
463	11	16421
464	20	16441
465	16	16457
466	17	16474
467	30	16504
468	43	16547
469	21	16568
470	21	16589
471	15	16604
472	16	16620
473	35	16655
474	51	16706
475	21	16727
476	19	16746
477	37	16783
478	23	16806
479	42	16848
480	21	16869
481	23	16892
482	23	16915
483	38	16953
484	19	16972
485	18	16990
486	9	16999
487	11	17010
488	15	17025
489	36	17061
490	23	17084
491	22	17106
492	24	17130
493	27	17157
494	11	17168
495	6	17174
496	19	17193
497	8	17201
498	19	17220
499	15	17235
500	12	17247
501	9	17256
502	9	17265
503	7	17272
504	33	17305
505	28	17333
506	39	17372
507	3	17375
508	37	17412
509	50	17462
510	37	17499
511	22	17521
512	15	17536
513	61	17597
514	40	17637
515	31	17668
516	49	17717
517	53	17770
518	74	17844
519	17	17861
520	40	17901
521	27	17928
522	38	17966
523	30	17996
524	28	18024
525	69	18093
526	28	18121
527	33	18154
528	33	18187
529	38	18225
530	8	18233
531	15	18248
532	32	18280
533	26	18306
534	18	18324
535	30	18354
536	23	18377
537	10	18387
538	15	18402
539	25	18427
540	35	18462
541	42	18504
542	28	18532
543	25	18557
544	17	18574
545	24	18598
546	37	18635
547	21	18656
548	25	18681
549	21	18702
550	12	18714
551	114	18828
552	41	18869
553	302	19171
554	39	19210
555	116	19326
556	42	19368
557	39	19407
558	23	19430
559	32	19462
560	21	19483
561	38	19521
562	30	19551
563	15	19566
564	39	19605
565	132	19737
566	121	19858
567	50	19908
568	39	19947
569	82	20029
570	61	20090
571	147	20237
572	43	20280
573	113	20393
574	82	20475
575	19	20494
576	36	20530
577	69	20599
578	17	20616
579	25	20641
580	21	20662
581	49	20711
582	14	20725
583	47	20772
584	40	20812
585	51	20863
586	18	20881
587	13	20894
588	21	20915
589	34	20949
590	18	20967
591	27	20994
592	38	21032
593	35	21067
594	29	21096
595	16	21112
596	29	21141
597	65	21206
598	86	21292
599	35	21327
600	43	21370
601	54	21424
602	42	21466
603	36	21502
604	94	21596
605	36	21632
606	32	21664
607	37	21701
608	16	21717
609	115	21832
610	7	21839
611	115	21954
612	32	21986
613	15	22001
614	21	22022
615	25	22047
616	22	22069
617	16	22085
618	17	22102
619	19	22121
620	17	22138
621	35	22173
622	40	22213
623	13	22226
624	29	22255
625	59	22314
626	44	22358
627	111	22469
628	17	22486
629	16	22502
630	193	22695
631	27	22722
632	29	22751
633	26	22777
634	31	22808
635	40	22848
636	24	22872
637	156	23028
638	10	23038
639	13	23051
640	182	23233
641	80	23313
642	11	23324
643	70	23394
644	18	23412
645	16	23428
646	47	23475
647	201	23676
648	24	23700
649	41	23741
650	47	23788
651	40	23828
652	29	23857
653	36	23893
654	37	23930
655	32	23962
656	31	23993
657	61	24054
658	59	24113
659	44	24157
660	58	24215
661	89	24304
662	43	24347
663	20	24367
664	38	24405
665	68	24473
666	90	24563
667	52	24615
668	64	24679
669	19	24698
670	53	24751
671	55	24806
672	69	24875
673	52	24927
674	29	24956
675	130	25086
676	13	25099
677	44	25143
678	275	25418
679	10	25428
680	15	25443
681	37	25480
682	111	25591
683	6	25597
684	9	25606
685	70	25676
686	23	25699
687	108	25807
688	18	25825
689	37	25862
690	37	25899
691	18	25917
692	49	25966
693	42	26008
694	21	26029
695	143	26172
696	50	26222
697	40	26262
698	49	26311
699	59	26370
700	16	26386
701	10	26396
702	50	26446
703	40	26486
704	15	26501
705	21	26522
706	19	26541
707	18	26559
708	46	26605
709	19	26624
710	20	26644
711	25	26669
712	38	26707
713	25	26732
714	13	26745
715	36	26781
716	95	26876
717	21	26897
718	15	26912
719	21	26933
720	29	26962
721	15	26977
722	9	26986
723	20	27006
724	9	27015
725	26	27041
726	15	27056
727	82	27138
728	19	27157
729	30	27187
730	40	27227
731	49	27276
732	71	27347
733	16	27363
734	42	27405
735	21	27426
736	44	27470
737	68	27538
738	48	27586
739	17	27603
740	27	27630
741	3	27633
742	9	27642
743	2	27644
744	46	27690
745	21	27711
746	23	27734
747	25	27759
748	44	27803
749	30	27833
750	55	27888
751	50	27938
752	47	27985
753	44	28029
754	27	28056
755	54	28110
756	51	28161
757	23	28184
758	45	28229
759	42	28271
760	48	28319
761	344	28663
762	16	28679
763	13	28692
764	111	28803
765	89	28892
766	79	28971
767	43	29014
768	95	29109
769	29	29138
770	83	29221
771	29	29250
772	88	29338
773	88	29426
774	70	29496
775	25	29521
776	132	29653
777	116	29769
778	6	29775
779	196	29971
780	34	30005
781	16	30021
782	52	30073
783	27	30100
784	20	30120
785	43	30163
786	58	30221
787	47	30268
788	51	30319
789	49	30368
790	93	30461
791	47	30508
792	39	30547
793	53	30600
794	8	30608
795	50	30658
796	41	30699
797	64	30763
798	38	30801
799	198	30999
800	158	31157
801	24	31181
802	61	31242
803	211	31453
804	45	31498
805	45	31543
806	82	31625
807	24	31649
808	53	31702
809	60	31762
810	46	31808
811	58	31866
812	55	31921
813	23	31944
814	19	31963
815	12	31975
816	34	32009
817	59	32068
818	37	32105
819	50	32155
820	15	32170
821	21	32191
822	34	32225
823	17	32242
824	35	32277
825	39	32316
826	24	32340
827	15	32355
828	26	32381
829	22	32403
830	31	32434
831	37	32471
832	39	32510
833	35	32545
834	19	32564
835	21	32585
836	64	32649
837	36	32685
838	22	32707
839	25	32732
840	30	32762
841	31	32793
842	27	32820
843	17	32837
844	14	32851
845	22	32873
846	22	32895
847	27	32922
848	47	32969
849	49	33018
850	61	33079
851	65	33144
852	33	33177
853	42	33219
854	53	33272
855	38	33310
856	11	33321
857	20	33341
858	38	33379
859	23	33402
860	54	33456
861	53	33509
862	48	33557
863	53	33610
864	19	33629
865	28	33657
866	130	33787
867	19	33806
868	20	33826
869	39	33865
870	82	33947
871	43	33990
872	12	34002
873	21	34023
874	53	34076
875	37	34113
876	68	34181
877	50	34231
878	29	34260
879	44	34304
880	41	34345
881	115	34460
882	36	34496
883	45	34541
884	42	34583
885	21	34604
886	15	34619
887	20	34639
888	51	34690
889	24	34714
890	131	34845
891	29	34874
892	36	34910
893	33	34943
894	56	34999
895	17	35016
896	41	35057
897	23	35080
898	24	35104
899	28	35132
900	14	35146
901	23	35169
902	33	35202
903	24	35226
904	37	35263
905	29	35292
906	29	35321
907	16	35337
908	101	35438
909	28	35466
910	32	35498
911	61	35559
912	190	35749
913	41	35790
914	29	35819
915	30	35849
916	49	35898
917	75	35973
918	68	36041
919	69	36110
920	73	36183
921	31	36214
922	207	36421
923	63	36484
924	55	36539
925	80	36619
926	20	36639
927	17	36656
928	23	36679
929	3	36682
930	1	36683
931	2	36685
932	126	36811
933	24	36835
934	34	36869
935	23	36892
936	55	36947
937	38	36985
938	7	36992
939	23	37015
940	33	37048
941	30	37078
942	155	37233
943	26	37259
944	20	37279
945	27	37306
946	59	37365
947	26	37391
948	14	37405
949	27	37432
950	21	37453
951	14	37467
952	8	37475
953	10	37485
954	10	37495
955	9	37504
956	11	37515
957	44	37559
958	15	37574
959	16	37590
960	20	37610
961	40	37650
962	55	37705
963	36	37741
964	58	37799
965	45	37844
966	37	37881
967	48	37929
968	58	37987
969	47	38034
970	47	38081
971	59	38140
972	52	38192
973	55	38247
974	41	38288
975	25	38313
976	8	38321
977	22	38343
978	82	38425
979	55	38480
980	71	38551
981	19	38570
982	36	38606
983	32	38638
984	53	38691
985	17	38708
986	58	38766
987	27	38793
988	38	38831
989	39	38870
990	23	38893
991	46	38939
992	49	38988
993	32	39020
994	20	39040
995	30	39070
996	24	39094
997	15	39109
998	17	39126
999	31	39157
1000	43	39200
1001	81	39281
1002	23	39304
1003	54	39358
1004	27	39385
1005	7	39392
1006	11	39403
1007	60	39463
1008	66	39529
1009	59	39588
1010	69	39657
1011	92	39749
1012	103	39852
1013	44	39896
1014	111	40007
1015	36	40043
1016	188	40231
1017	792	41023
1018	37	41060
1019	26	41086
1020	122	41208
1021	62	41270
1022	121	41391
1023	69	41460
1024	32	41492
1025	168	41660
1026	64	41724
1027	42	41766
1028	87	41853
1029	43	41896
1030	55	41951
1031	23	41974
1032	5	41979
1033	73	42052
1034	94	42146
1035	23	42169
1036	97	42266
1037	36	42302
1038	73	42375
1039	19	42394
1040	75	42469
1041	59	42528
1042	12	42540
1043	10	42550
1044	19	42569
1045	29	42598
1046	49	42647
1047	17	42664
1048	16	42680
1049	41	42721
1050	40	42761
1051	28	42789
1052	13	42802
1053	11	42813
1054	10	42823
1055	14	42837
1056	17	42854
1057	53	42907
1058	25	42932
1059	21	42953
1060	24	42977
1061	34	43011
1062	91	43102
1063	29	43131
1064	23	43154
1065	13	43167
1066	43	43210
1067	40	43250
1068	89	43339
1069	29	43368
1070	132	43500
1071	116	43616
1072	66	43682
1073	37	43719
1074	13	43732
1075	45	43777
1076	18	43795
1077	25	43820
1078	37	43857
1079	57	43914
1080	65	43979
1081	66	44045
1082	32	44077
1083	114	44191
1084	42	44233
1085	42	44275
1086	28	44303
1087	22	44325
1088	12	44337
1089	28	44365
1090	13	44378
1091	22	44400
1092	25	44425
1093	35	44460
1094	45	44505
1095	32	44537
1096	5	44542
1097	28	44570
1098	29	44599
1099	42	44641
1100	25	44666
1101	26	44692
1102	53	44745
1103	42	44787
1104	44	44831
1105	78	44909
1106	77	44986
1107	70	45056
1108	35	45091
1109	32	45123
1110	22	45145
1111	33	45178
1112	79	45257
1113	23	45280
1114	35	45315
1115	25	45340
1116	25	45365
1117	85	45450
1118	82	45532
1119	37	45569
1120	33	45602
1121	86	45688
1122	21	45709
1123	38	45747
1124	14	45761
1125	49	45810
1126	12	45822
1127	16	45838
1128	10	45848
1129	32	45880
1130	8	45888
1131	11	45899
1132	15	45914
1133	44	45958
1134	75	46033
1135	15	46048
1136	52	46100
1137	16	46116
1138	36	46152
1139	19	46171
1140	37	46208
1141	37	46245
1142	18	46263
1143	59	46322
1144	7	46329
1145	13	46342
1146	2	46344
1147	26	46370
1148	15	46385
1149	34	46419
1150	34	46453
1151	24	46477
1152	24	46501
1153	39	46540
1154	35	46575
1155	28	46603
1156	27	46630
1157	16	46646
1158	42	46688
1159	47	46735
1160	46	46781
1161	89	46870
1162	23	46893
1163	33	46926
1164	21	46947
1165	18	46965
1166	24	46989
1167	32	47021
1168	71	47092
1169	13	47105
1170	18	47123
1171	14	47137
1172	21	47158
1173	14	47172
1174	17	47189
1175	36	47225
1176	43	47268
1177	42	47310
1178	22	47332
1179	24	47356
1180	8	47364
1181	18	47382
1182	22	47404
1183	34	47438
1184	32	47470
1185	92	47562
1186	41	47603
1187	30	47633
1188	45	47678
1189	36	47714
1190	51	47765
1191	62	47827
1192	56	47883
1193	55	47938
1194	100	48038
1195	64	48102
1196	31	48133
1197	54	48187
1198	94	48281
1199	47	48328
1200	52	48380
1201	90	48470
1202	42	48512
1203	38	48550
1204	12	48562
1205	33	48595
1206	28	48623
1207	123	48746
1208	106	48852
1209	63	48915
1210	35	48950
1211	37	48987
1212	10	48997
1213	37	49034
1214	49	49083
1215	20	49103
1216	31	49134
1217	44	49178
1218	57	49235
1219	44	49279
1220	74	49353
1221	32	49385
1222	69	49454
1223	147	49601
1224	72	49673
1225	34	49707
1226	108	49815
1227	84	49899
1228	85	49984
1229	122	50106
1230	24	50130
1231	73	50203
1232	27	50230
1233	18	50248
1234	21	50269
1235	43	50312
1236	76	50388
1237	57	50445
1238	14	50459
1239	26	50485
1240	18	50503
1241	80	50583
1242	36	50619
1243	17	50636
1244	25	50661
1245	28	50689
1246	20	50709
1247	15	50724
1248	49	50773
1249	61	50834
1250	21	50855
1251	42	50897
1252	26	50923
1253	88	51011
1254	50	51061
1255	91	51152