1	92	92
2	29	121
3	66	187
4	65	252
5	30	282
6	34	316
7	21	337
8	49	386
9	25	411
10	19	430
11	25	455
12	16	471
13	55	526
14	120	646
15	35	681
16	83	764
17	53	817
18	73	890
19	45	935
20	31	966
21	68	1034
22	87	1121
23	41	1162
24	69	1231
25	55	1286
26	33	1319
27	38	1357
28	14	1371
29	16	1387
30	14	1401
31	10	1411
32	69	1480
33	11	1491
34	49	1540
35	55	1595
36	35	1630
37	64	1694
38	18	1712
39	119	1831
40	49	1880
41	35	1915
42	57	1972
43	24	1996
44	39	2035
45	37	2072
46	48	2120
47	21	2141
48	23	2164
49	22	2186
50	21	2207
51	10	2217
52	44	2261
53	19	2280
54	39	2319
55	41	2360
56	47	2407
57	29	2436
58	36	2472
59	18	2490
60	87	2577
61	32	2609
62	12	2621
63	40	2661
64	69	2730
65	26	2756
66	31	2787
67	60	2847
68	24	2871
69	23	2894
70	35	2929
71	57	2986
72	133	3119
73	8	3127
74	37	3164
75	38	3202
76	25	3227
77	27	3254
78	25	3279
79	26	3305
80	17	3322
81	15	3337
82	28	3365
83	17	3382
84	14	3396
85	14	3410
86	17	3427
87	18	3445
88	31	3476
89	30	3506
90	26	3532
91	17	3549
92	15	3564
93	6	3570
94	10	3580
95	11	3591
96	15	3606
97	15	3621
98	18	3639
99	23	3662
100	30	3692
101	19	3711
102	8	3719
103	8	3727
104	54	3781
105	30	3811
106	16	3827
107	17	3844
108	15	3859
109	50	3909
110	30	3939
111	12	3951
112	18	3969
113	8	3977
114	75	4052
115	128	4180
116	29	4209
117	17	4226
118	24	4250
119	106	4356
120	16	4372
121	28	4400
122	21	4421
123	43	4464
124	25	4489
125	16	4505
126	21	4526
127	16	4542
128	40	4582
129	38	4620
130	31	4651
131	38	4689
132	51	4740
133	19	4759
134	21	4780
135	25	4805
136	17	4822
137	42	4864
138	78	4942
139	15	4957
140	10	4967
141	14	4981
142	36	5017
143	22	5039
144	23	5062
145	12	5074
146	18	5092
147	10	5102
148	8	5110
149	6	5116
150	20	5136
151	18	5154
152	8	5162
153	14	5176
154	54	5230
155	9	5239
156	20	5259
157	8	5267
158	10	5277
159	22	5299
160	31	5330
161	15	5345
162	59	5404
163	25	5429
164	8	5437
165	12	5449
166	12	5461
167	25	5486
168	13	5499
169	41	5540
170	24	5564
171	15	5579
172	16	5595
173	11	5606
174	19	5625
175	10	5635
176	9	5644
177	11	5655
178	34	5689
179	10	5699
180	11	5710
181	12	5722
182	9	5731
183	11	5742
184	10	5752
185	17	5769
186	11	5780
187	24	5804
188	13	5817
189	13	5830
190	40	5870
191	14	5884
192	36	5920
193	17	5937
194	17	5954
195	8	5962
196	12	5974
197	18	5992
198	20	6012
199	15	6027
200	29	6056
201	13	6069
202	52	6121
203	15	6136
204	21	6157
205	22	6179
206	43	6222
207	19	6241
208	16	6257
209	29	6286
210	26	6312
211	15	6327
212	8	6335
213	46	6381
214	20	6401
215	26	6427
216	59	6486
217	23	6509
218	31	6540
219	81	6621
220	38	6659
221	31	6690
222	35	6725
223	62	6787
224	17	6804
225	15	6819
226	13	6832
227	14	6846
228	30	6876
229	29	6905
230	34	6939
231	20	6959
232	15	6974
233	15	6989
234	23	7012
235	27	7039
236	16	7055
237	12	7067
238	22	7089
239	25	7114
240	12	7126
241	18	7144
242	20	7164
243	17	7181
244	21	7202
245	23	7225
246	19	7244
247	36	7280
248	17	7297
249	9	7306
250	30	7336
251	20	7356
252	16	7372
253	49	7421
254	28	7449
255	25	7474
256	30	7504
257	18	7522
258	14	7536
259	38	7574
260	13	7587
261	15	7602
262	17	7619
263	22	7641
264	31	7672
265	18	7690
266	30	7720
267	32	7752
268	25	7777
269	24	7801
270	93	7894
271	26	7920
272	12	7932
273	62	7994
274	21	8015
275	20	8035
276	24	8059
277	23	8082
278	20	8102
279	22	8124
280	25	8149
281	38	8187
282	29	8216
283	24	8240
284	12	8252
285	64	8316
286	14	8330
287	39	8369
288	22	8391
289	26	8417
290	12	8429
291	13	8442
292	12	8454
293	11	8465
294	11	8476
295	13	8489
296	20	8509
297	17	8526
298	26	8552
299	19	8571
300	15	8586
301	13	8599
302	11	8610
303	77	8687
304	8	8695
305	30	8725
306	30	8755
307	62	8817
308	74	8891
309	8	8899
310	25	8924
311	20	8944
312	52	8996
313	64	9060
314	150	9210
315	35	9245
316	32	9277
317	34	9311
318	146	9457
319	20	9477
320	102	9579
321	23	9602
322	183	9785
323	26	9811
324	154	9965
325	19	9984
326	215	10199
327	45	10244
328	27	10271
329	85	10356
330	14	10370
331	35	10405
332	10	10415
333	35	10450
334	17	10467
335	29	10496
336	18	10514
337	32	10546
338	51	10597
339	100	10697
340	17	10714
341	10	10724
342	48	10772
343	25	10797
344	19	10816
345	20	10836
346	19	10855
347	31	10886
348	61	10947
349	19	10966
350	18	10984
351	40	11024
352	46	11070
353	11	11081
354	10	11091
355	130	11221
356	18	11239
357	17	11256
358	11	11267
359	17	11284
360	8	11292
361	12	11304
362	45	11349
363	43	11392
364	17	11409
365	30	11439
366	12	11451
367	16	11467
368	34	11501
369	8	11509
370	32	11541
371	53	11594
372	26	11620
373	14	11634
374	48	11682
375	18	11700
376	14	11714
377	51	11765
378	10	11775
379	85	11860
380	37	11897
381	84	11981
382	20	12001
383	33	12034
384	125	12159
385	121	12280
386	136	12416
387	51	12467
388	48	12515
389	19	12534
390	42	12576
391	48	12624
392	122	12746
393	23	12769
394	25	12794
395	15	12809
396	67	12876
397	49	12925
398	44	12969
399	35	13004
400	20	13024
401	37	13061
402	13	13074
403	53	13127
404	45	13172
405	42	13214
406	20	13234
407	85	13319
408	23	13342
409	38	13380
410	20	13400
411	72	13472
412	65	13537
413	44	13581
414	23	13604
415	51	13655
416	16	13671
417	14	13685
418	41	13726
419	20	13746
420	26	13772
421	99	13871
422	63	13934
423	38	13972
424	27	13999
425	41	14040
426	121	14161
427	30	14191
428	41	14232
429	35	14267
430	40	14307
431	62	14369
432	73	14442
433	129	14571
434	16	14587
435	19	14606
436	24	14630
437	24	14654
438	13	14667
439	24	14691
440	20	14711
441	18	14729
442	40	14769
443	23	14792
444	32	14824
445	25	14849
446	16	14865
447	17	14882
448	27	14909
449	8	14917
450	9	14926
451	23	14949
452	11	14960
453	12	14972
454	12	14984
455	13	14997
456	14	15011
457	19	15030
458	15	15045
459	20	15065
460	86	15151
461	81	15232
462	27	15259
463	16	15275
464	14	15289
465	26	15315
466	17	15332
467	34	15366
468	34	15400
469	62	15462
470	92	15554
471	23	15577
472	43	15620
473	17	15637
474	10	15647
475	30	15677
476	47	15724
477	33	15757
478	55	15812
479	70	15882
480	45	15927
481	28	15955
482	34	15989
483	17	16006
484	33	16039
485	31	16070
486	17	16087
487	19	16106
488	31	16137
489	27	16164
490	47	16211
491	21	16232
492	12	16244
493	10	16254
494	17	16271
495	10	16281
496	38	16319
497	30	16349
498	11	16360
499	52	16412
500	12	16424
501	20	16444
502	5	16449
503	16	16465
504	36	16501
505	21	16522
506	24	16546
507	34	16580
508	12	16592
509	32	16624
510	22	16646
511	25	16671
512	149	16820
513	54	16874
514	56	16930
515	19	16949
516	26	16975
517	21	16996
518	13	17009
519	7	17016
520	35	17051
521	66	17117
522	38	17155
523	12	17167
524	224	17391
525	48	17439
526	32	17471
527	45	17516
528	55	17571
529	58	17629
530	18	17647
531	34	17681
532	120	17801
533	29	17830
534	74	17904
535	30	17934
536	23	17957
537	23	17980
538	27	18007
539	27	18034
540	21	18055
541	41	18096
542	70	18166
543	42	18208
544	37	18245
545	35	18280
546	124	18404
547	59	18463
548	21	18484
549	30	18514
550	65	18579
551	114	18693
552	70	18763
553	178	18941
554	44	18985
555	40	19025
556	38	19063
557	16	19079
558	32	19111
559	19	19130
560	33	19163
561	22	19185
562	16	19201
563	18	19219
564	65	19284
565	24	19308
566	35	19343
567	20	19363
568	43	19406
569	92	19498
570	15	19513
571	20	19533
572	11	19544
573	26	19570
574	20	19590
575	21	19611
576	14	19625
577	15	19640
578	10	19650
579	9	19659
580	26	19685
581	114	19799
582	12	19811
583	35	19846
584	14	19860
585	94	19954
586	25	19979
587	21	20000
588	20	20020
589	21	20041
590	10	20051
591	28	20079
592	19	20098
593	11	20109
594	30	20139
595	64	20203
596	45	20248
597	15	20263
598	67	20330
599	43	20373
600	28	20401
601	22	20423
602	15	20438
603	63	20501
604	17	20518
605	41	20559
606	17	20576
607	17	20593
608	42	20635
609	35	20670
610	68	20738
611	30	20768
612	42	20810
613	20	20830
614	141	20971
615	123	21094
616	50	21144
617	10	21154
618	24	21178
619	35	21213
620	40	21253
621	31	21284
622	19	21303
623	61	21364
624	21	21385
625	36	21421
626	30	21451
627	125	21576
628	14	21590
629	28	21618
630	18	21636
631	14	21650
632	11	21661
633	63	21724
634	41	21765
635	11	21776
636	13	21789
637	24	21813
638	23	21836
639	22	21858
640	30	21888
641	12	21900
642	38	21938
643	20	21958
644	12	21970
645	6	21976
646	8	21984
647	9	21993
648	6	21999
649	5	22004
650	10	22014
651	16	22030
652	8	22038
653	12	22050
654	23	22073
655	25	22098
656	20	22118
657	16	22134
658	12	22146
659	18	22164
660	17	22181
661	19	22200
662	6	22206
663	13	22219
664	19	22238
665	16	22254
666	56	22310
667	33	22343
668	27	22370
669	9	22379
670	85	22464
671	15	22479
672	29	22508
673	13	22521
674	20	22541
675	37	22578
676	15	22593
677	16	22609
678	16	22625
679	23	22648
680	22	22670
681	8	22678
682	5	22683
683	21	22704
684	9	22713
685	13	22726
686	9	22735
687	11	22746
688	13	22759
689	11	22770
690	20	22790
691	14	22804
692	12	22816
693	15	22831
694	7	22838
695	10	22848
696	15	22863
697	11	22874
698	12	22886
699	28	22914
700	11	22925
701	14	22939
702	6	22945
703	13	22958
704	25	22983
705	20	23003
706	11	23014
707	37	23051
708	9	23060
709	6	23066
710	9	23075
711	40	23115
712	11	23126
713	25	23151
714	32	23183
715	32	23215
716	28	23243
717	13	23256
718	12	23268
719	28	23296
720	14	23310
721	23	23333
722	68	23401
723	45	23446
724	24	23470
725	45	23515
726	25	23540
727	50	23590
728	25	23615
729	30	23645
730	20	23665
731	29	23694
732	20	23714
733	10	23724
734	125	23849
735	225	24074
736	15	24089
737	92	24181
738	17	24198
739	47	24245
740	14	24259
741	42	24301
742	22	24323
743	22	24345
744	58	24403
745	21	24424
746	60	24484
747	24	24508
748	25	24533
749	27	24560
750	36	24596
751	15	24611
752	10	24621
753	32	24653
754	38	24691
755	33	24724
756	45	24769
757	29	24798
758	13	24811
759	18	24829
760	19	24848
761	67	24915
762	26	24941
763	23	24964
764	70	25034
765	17	25051
766	49	25100
767	33	25133
768	38	25171
769	29	25200
770	71	25271
771	17	25288
772	26	25314
773	29	25343
774	111	25454
775	34	25488
776	22	25510
777	53	25563
778	22	25585
779	45	25630
780	114	25744
781	39	25783
782	56	25839
783	17	25856
784	23	25879
785	16	25895
786	15	25910
787	9	25919
788	12	25931
789	18	25949
790	52	26001
791	18	26019
792	35	26054
793	34	26088
794	16	26104
795	15	26119
796	19	26138
797	7	26145
798	21	26166
799	10	26176
800	52	26228
801	18	26246
802	10	26256
803	50	26306
804	33	26339
805	26	26365
806	21	26386
807	20	26406
808	207	26613
809	60	26673
810	13	26686
811	30	26716
812	27	26743
813	11	26754
814	52	26806
815	35	26841
816	30	26871
817	29	26900
818	35	26935
819	23	26958
820	16	26974
821	34	27008
822	47	27055
823	153	27208
824	22	27230
825	178	27408
826	25	27433
827	88	27521
828	38	27559
829	22	27581
830	72	27653
831	17	27670
832	25	27695
833	40	27735
834	26	27761
835	18	27779
836	55	27834
837	69	27903
838	40	27943
839	98	28041
840	28	28069
841	46	28115
842	23	28138
843	52	28190
844	58	28248
845	20	28268
846	43	28311
847	37	28348
848	37	28385
849	28	28413
850	63	28476
851	29	28505
852	35	28540
853	25	28565
854	23	28588
855	30	28618
856	58	28676
857	29	28705
858	18	28723
859	11	28734
860	17	28751
861	57	28808
862	41	28849
863	27	28876
864	29	28905
865	16	28921
866	15	28936
867	18	28954
868	39	28993
869	123	29116
870	19	29135
871	23	29158
872	40	29198
873	37	29235
874	44	29279
875	55	29334
876	25	29359
877	25	29384
878	21	29405
879	9	29414
880	22	29436
881	17	29453
882	11	29464
883	40	29504
884	29	29533
885	41	29574
886	56	29630
887	48	29678
888	85	29763
889	81	29844
890	21	29865
891	15	29880
892	11	29891
893	14	29905
894	13	29918
895	50	29968
896	36	30004
897	26	30030
898	53	30083
899	70	30153
900	16	30169
901	99	30268
902	40	30308
903	31	30339
904	31	30370
905	48	30418
906	68	30486
907	29	30515
908	39	30554
909	16	30570
910	55	30625
911	25	30650
912	35	30685
913	23	30708
914	23	30731
915	45	30776
916	17	30793
917	32	30825
918	39	30864
919	7	30871
920	69	30940
921	48	30988
922	45	31033
923	40	31073
924	22	31095
925	24	31119
926	20	31139
927	56	31195
928	13	31208
929	35	31243
930	36	31279
931	39	31318
932	32	31350
933	64	31414
934	9	31423
935	25	31448
936	17	31465
937	41	31506
938	34	31540
939	90	31630
940	55	31685
941	48	31733
942	21	31754
943	11	31765
944	28	31793
945	16	31809
946	12	31821
947	12	31833
948	28	31861
949	13	31874
950	19	31893
951	86	31979
952	20	31999
953	14	32013
954	17	32030
955	51	32081
956	33	32114
957	25	32139
958	20	32159
959	34	32193
960	35	32228
961	76	32304
962	26	32330
963	29	32359
964	49	32408
965	42	32450
966	35	32485
967	53	32538
968	53	32591
969	53	32644
970	32	32676
971	80	32756
972	92	32848
973	30	32878
974	26	32904
975	12	32916
976	20	32936
977	39	32975
978	84	33059
979	20	33079
980	44	33123
981	42	33165
982	20	33185
983	28	33213
984	16	33229
985	27	33256
986	29	33285
987	20	33305
988	54	33359
989	25	33384
990	35	33419
991	17	33436
992	14	33450
993	18	33468
994	52	33520
995	15	33535
996	15	33550
997	28	33578
998	27	33605
999	55	33660
1000	13	33673
1001	16	33689
1002	25	33714
1003	7	33721
1004	10	33731
1005	30	33761
1006	20	33781
1007	138	33919
1008	87	34006
1009	15	34021
1010	22	34043
1011	18	34061
1012	35	34096
1013	80	34176
1014	49	34225
1015	23	34248
1016	17	34265
1017	30	34295
1018	25	34320
1019	33	34353
1020	11	34364
1021	41	34405
1022	41	34446
1023	37	34483
1024	16	34499
1025	42	34541
1026	12	34553
1027	8	34561
1028	7	34568
1029	8	34576
1030	10	34586
1031	27	34613
1032	83	34696
1033	24	34720
1034	9	34729
1035	46	34775
1036	31	34806
1037	24	34830
1038	25	34855
1039	69	34924
1040	19	34943
1041	12	34955
1042	9	34964
1043	16	34980
1044	18	34998
1045	32	35030
1046	45	35075
1047	21	35096
1048	33	35129
1049	27	35156
1050	60	35216
1051	39	35255
1052	23	35278
1053	25	35303
1054	33	35336
1055	77	35413
1056	32	35445
1057	29	35474
1058	21	35495
1059	20	35515
1060	13	35528
1061	17	35545
1062	15	35560
1063	26	35586
1064	15	35601
1065	33	35634
1066	17	35651
1067	14	35665
1068	8	35673
1069	11	35684
1070	7	35691
1071	8	35699
1072	7	35706
1073	7	35713
1074	10	35723
1075	10	35733
1076	6	35739
1077	11	35750
1078	33	35783
1079	20	35803
1080	12	35815
1081	13	35828
1082	15	35843
1083	48	35891
1084	40	35931
1085	67	35998
1086	26	36024
1087	24	36048
1088	22	36070
1089	13	36083
1090	43	36126
1091	39	36165
1092	20	36185
1093	31	36216
1094	33	36249
1095	31	36280
1096	20	36300
1097	31	36331
1098	75	36406
1099	12	36418
1100	21	36439
1101	39	36478
1102	127	36605
1103	31	36636
1104	19	36655
1105	98	36753
1106	37	36790
1107	33	36823
1108	52	36875
1109	24	36899
1110	25	36924
1111	26	36950
1112	48	36998
1113	53	37051
1114	38	37089
1115	124	37213
1116	38	37251
1117	58	37309
1118	104	37413
1119	16	37429
1120	159	37588
1121	62	37650
1122	31	37681
1123	57	37738
1124	47	37785
1125	23	37808
1126	26	37834
1127	29	37863
1128	45	37908
1129	17	37925
1130	19	37944
1131	21	37965
1132	18	37983
1133	20	38003
1134	15	38018
1135	38	38056
1136	17	38073
1137	121	38194
1138	25	38219
1139	21	38240
1140	14	38254
1141	22	38276
1142	33	38309
1143	17	38326
1144	23	38349
1145	10	38359
1146	11	38370
1147	23	38393
1148	23	38416
1149	139	38555
1150	45	38600
1151	39	38639
1152	60	38699
1153	22	38721
1154	12	38733
1155	8	38741
1156	10	38751
1157	23	38774
1158	22	38796
1159	4	38800
1160	10	38810
1161	49	38859
1162	14	38873
1163	13	38886
1164	23	38909
1165	20	38929
1166	24	38953
1167	33	38986
1168	43	39029
1169	19	39048
1170	10	39058
1171	16	39074
1172	7	39081
1173	29	39110
1174	11	39121
1175	23	39144
1176	15	39159
1177	30	39189
1178	10	39199
1179	29	39228
1180	15	39243
1181	35	39278
1182	12	39290
1183	15	39305
1184	14	39319
1185	17	39336
1186	22	39358
1187	11	39369
1188	9	39378
1189	12	39390
1190	11	39401
1191	10	39411
1192	9	39420
1193	11	39431
1194	9	39440
1195	20	39460
1196	14	39474
1197	11	39485
1198	10	39495
1199	6	39501
1200	7	39508
1201	15	39523
1202	7	39530
1203	9	39539
1204	7	39546
1205	10	39556
1206	14	39570
1207	14	39584
1208	7	39591
1209	33	39624
1210	12	39636
1211	7	39643
1212	12	39655
1213	8	39663
1214	11	39674
1215	9	39683
1216	8	39691
1217	7	39698
1218	7	39705
1219	8	39713
1220	12	39725
1221	14	39739
1222	11	39750
1223	9	39759
1224	11	39770
1225	13	39783
1226	5	39788
1227	10	39798
1228	8	39806
1229	15	39821
1230	13	39834
1231	29	39863
1232	7	39870
1233	53	39923
1234	13	39936
1235	48	39984
1236	35	40019
1237	76	40095
1238	29	40124
1239	42	40166
1240	75	40241
1241	23	40264
1242	71	40335
1243	10	40345
1244	36	40381
1245	35	40416
1246	140	40556
1247	47	40603
1248	178	40781
1249	17	40798
1250	10	40808
1251	140	40948
1252	32	40980
1253	41	41021
1254	24	41045
1255	19	41064
1256	30	41094
1257	20	41114
1258	76	41190
1259	66	41256
1260	74	41330
1261	26	41356
1262	12	41368
1263	17	41385
1264	85	41470
1265	69	41539
1266	25	41564
1267	70	41634
1268	67	41701
1269	64	41765
1270	84	41849
1271	30	41879
1272	19	41898
1273	100	41998
1274	42	42040
1275	61	42101
1276	40	42141
1277	29	42170
1278	20	42190
1279	26	42216
1280	24	42240
1281	26	42266
1282	28	42294
1283	44	42338
1284	42	42380
1285	18	42398
1286	40	42438
1287	58	42496
1288	8	42504
1289	19	42523
1290	25	42548
1291	26	42574
1292	22	42596
1293	14	42610
1294	13	42623
1295	112	42735
1296	29	42764
1297	25	42789
1298	16	42805
1299	36	42841
1300	50	42891
1301	72	42963
1302	126	43089
1303	41	43130
1304	26	43156
1305	48	43204
1306	21	43225
1307	44	43269
1308	74	43343
1309	21	43364
1310	44	43408
1311	11	43419
1312	66	43485
1313	24	43509
1314	30	43539
1315	12	43551
1316	23	43574
1317	14	43588
1318	12	43600
1319	30	43630
1320	80	43710
1321	86	43796
1322	24	43820
1323	29	43849
1324	21	43870
1325	23	43893
1326	111	44004
1327	39	44043
1328	25	44068
1329	17	44085
1330	46	44131
1331	32	44163
1332	10	44173
1333	45	44218
1334	22	44240
1335	31	44271
1336	24	44295
1337	30	44325
1338	39	44364
1339	72	44436
1340	144	44580
1341	34	44614
1342	240	44854
1343	40	44894
1344	16	44910
1345	8	44918
1346	46	44964
1347	26	44990
1348	25	45015
1349	28	45043
1350	22	45065
1351	26	45091
1352	40	45131
1353	20	45151
1354	187	45338
1355	32	45370
1356	41	45411
1357	22	45433
1358	25	45458
1359	48	45506
1360	34	45540
1361	48	45588
1362	33	45621
1363	23	45644
1364	36	45680
1365	75	45755
1366	21	45776
1367	13	45789
1368	37	45826
1369	37	45863
1370	13	45876
1371	17	45893
1372	25	45918
1373	22	45940
1374	21	45961
1375	38	45999
1376	42	46041
1377	38	46079
1378	29	46108
1379	36	46144
1380	34	46178
1381	52	46230
1382	28	46258
1383	29	46287
1384	32	46319
1385	82	46401
1386	141	46542
1387	67	46609
1388	13	46622
1389	65	46687
1390	14	46701
1391	16	46717
1392	15	46732
1393	17	46749
1394	27	46776
1395	86	46862
1396	40	46902
1397	25	46927
1398	36	46963
1399	16	46979
1400	12	46991
1401	16	47007
1402	11	47018
1403	24	47042
1404	27	47069
1405	13	47082
1406	15	47097
1407	16	47113
1408	25	47138
1409	21	47159
1410	34	47193
1411	28	47221
1412	38	47259
1413	33	47292
1414	139	47431
1415	43	47474
1416	9	47483
1417	13	47496
1418	25	47521
1419	40	47561
1420	53	47614
1421	39	47653
1422	38	47691
1423	18	47709
1424	57	47766
1425	43	47809
1426	15	47824
1427	19	47843
1428	61	47904
1429	23	47927
1430	80	48007
1431	22	48029
1432	15	48044
1433	17	48061
1434	7	48068
1435	45	48113
1436	20	48133
1437	25	48158
1438	23	48181
1439	16	48197
1440	11	48208
1441	9	48217
1442	11	48228
1443	14	48242
1444	12	48254
1445	32	48286
1446	12	48298
1447	5	48303
1448	28	48331
1449	15	48346
1450	21	48367
1451	30	48397
1452	15	48412
1453	27	48439
1454	23	48462
1455	10	48472
1456	19	48491
1457	10	48501
1458	12	48513
1459	6	48519
1460	27	48546
1461	13	48559
1462	15	48574
1463	12	48586
1464	38	48624
1465	20	48644
1466	22	48666
1467	25	48691
1468	22	48713
1469	34	48747
1470	37	48784
1471	52	48836
1472	46	48882
1473	55	48937
1474	20	48957
1475	11	48968
1476	18	48986
1477	8	48994
1478	270	49264
1479	55	49319
1480	19	49338
1481	36	49374
1482	13	49387
1483	75	49462
1484	135	49597
1485	19	49616
1486	37	49653
1487	11	49664
1488	23	49687
1489	11	49698
1490	20	49718
1491	16	49734
1492	10	49744
1493	8	49752
1494	25	49777
1495	15	49792
1496	7	49799
1497	17	49816
1498	6	49822
1499	39	49861
1500	13	49874
1501	52	49926
1502	7	49933
1503	35	49968
1504	10	49978
1505	23	50001
1506	18	50019
1507	99	50118
1508	11	50129
1509	23	50152
1510	51	50203
1511	43	50246
1512	25	50271
1513	17	50288
1514	74	50362
1515	19	50381
1516	13	50394
1517	23	50417
1518	7	50424
1519	10	50434
1520	11	50445
1521	53	50498
1522	25	50523
1523	36	50559
1524	23	50582
1525	16	50598
1526	33	50631
1527	36	50667
1528	11	50678
1529	43	50721
1530	15	50736
1531	18	50754
1532	17	50771
1533	21	50792
1534	10	50802
1535	19	50821
1536	6	50827
1537	8	50835
1538	42	50877
1539	22	50899
1540	45	50944
1541	32	50976
1542	22	50998
1543	55	51053
1544	63	51116
1545	6	51122
1546	15	51137
1547	35	51172
1548	27	51199
1549	38	51237
1550	29	51266
1551	12	51278
1552	18	51296
1553	22	51318
1554	58	51376
1555	65	51441
1556	46	51487
1557	34	51521
1558	116	51637
1559	37	51674
1560	20	51694
1561	7	51701
1562	25	51726
1563	32	51758
1564	15	51773
1565	20	51793
1566	73	51866
1567	8	51874
1568	12	51886
1569	20	51906
1570	11	51917
1571	9	51926
1572	17	51943
1573	44	51987
1574	26	52013
1575	14	52027
1576	64	52091
1577	12	52103
1578	19	52122
1579	14	52136
1580	21	52157
1581	41	52198
1582	21	52219
1583	53	52272
1584	79	52351
1585	52	52403
1586	36	52439
1587	11	52450
1588	12	52462
1589	9	52471
1590	21	52492
1591	11	52503
1592	15	52518
1593	9	52527
1594	10	52537
1595	39	52576
1596	12	52588
1597	25	52613
1598	19	52632
1599	20	52652
1600	24	52676
1601	37	52713
1602	13	52726
1603	10	52736
1604	11	52747
1605	40	52787
1606	10	52797
1607	9	52806
1608	7	52813
1609	15	52828
1610	26	52854
1611	27	52881
1612	36	52917
1613	24	52941
1614	13	52954
1615	99	53053
1616	5	53058
1617	150	53208
1618	18	53226
1619	10	53236
1620	12	53248
1621	29	53277
1622	21	53298
1623	23	53321
1624	27	53348
1625	25	53373
1626	23	53396
1627	20	53416
1628	18	53434
1629	13	53447
1630	14	53461
1631	17	53478
1632	144	53622
1633	32	53654
1634	89	53743
1635	58	53801
1636	65	53866
1637	25	53891
1638	60	53951
1639	24	53975
1640	45	54020
1641	21	54041
1642	13	54054
1643	25	54079
1644	45	54124
1645	26	54150
1646	11	54161
1647	15	54176
1648	9	54185
1649	9	54194
1650	23	54217
1651	9	54226
1652	71	54297
1653	27	54324
1654	11	54335
1655	62	54397
1656	22	54419
1657	45	54464
1658	47	54511
1659	53	54564
1660	55	54619
1661	37	54656
1662	28	54684
1663	18	54702
1664	40	54742
1665	44	54786
1666	50	54836
1667	3	54839
1668	8	54847
1669	14	54861
1670	30	54891
1671	35	54926
1672	14	54940
1673	159	55099
1674	65	55164
1675	34	55198
1676	85	55283
1677	94	55377
1678	16	55393
1679	14	55407
1680	49	55456
1681	52	55508
1682	16	55524
1683	73	55597
1684	66	55663
1685	26	55689
1686	17	55706
1687	16	55722
1688	36	55758
1689	30	55788
1690	54	55842
1691	94	55936
1692	50	55986
1693	10	55996
1694	67	56063
1695	16	56079
1696	48	56127
1697	36	56163
1698	26	56189
1699	78	56267
1700	22	56289
1701	15	56304
1702	10	56314
1703	12	56326
1704	13	56339
1705	17	56356
1706	10	56366
1707	16	56382
1708	26	56408
1709	38	56446
1710	31	56477
1711	27	56504
1712	7	56511
1713	60	56571
1714	120	56691
1715	7	56698
1716	21	56719
1717	27	56746
1718	31	56777
1719	31	56808
1720	16	56824
1721	48	56872
1722	21	56893
1723	24	56917
1724	24	56941
1725	40	56981
1726	47	57028
1727	25	57053
1728	44	57097
1729	17	57114
1730	25	57139
1731	14	57153
1732	54	57207
1733	119	57326
1734	93	57419
1735	18	57437
1736	31	57468
1737	34	57502
1738	27	57529
1739	18	57547
1740	25	57572
1741	34	57606
1742	30	57636
1743	23	57659
1744	17	57676
1745	32	57708
1746	31	57739
1747	47	57786
1748	20	57806
1749	40	57846
1750	23	57869
1751	20	57889
1752	14	57903
1753	33	57936
1754	37	57973
1755	100	58073
1756	21	58094
1757	40	58134
1758	70	58204
1759	20	58224
1760	64	58288
1761	18	58306
1762	21	58327
1763	44	58371
1764	7	58378
1765	34	58412
1766	7	58419
1767	25	58444
1768	15	58459
1769	50	58509
1770	19	58528
1771	16	58544
1772	15	58559
1773	29	58588
1774	14	58602
1775	9	58611
1776	18	58629
1777	45	58674
1778	28	58702
1779	17	58719
1780	34	58753
1781	28	58781
1782	10	58791
1783	23	58814
1784	7	58821
1785	12	58833
1786	30	58863
1787	6	58869
1788	7	58876
1789	10	58886
1790	6	58892
1791	6	58898
1792	6	58904
1793	13	58917
1794	6	58923
1795	9	58932
1796	7	58939
1797	8	58947
1798	6	58953
1799	6	58959
1800	9	58968
1801	35	59003
1802	16	59019
1803	27	59046
1804	13	59059
1805	9	59068
1806	15	59083
1807	16	59099
1808	13	59112
1809	9	59121
1810	12	59133
1811	10	59143
1812	15	59158
1813	13	59171
1814	18	59189
1815	17	59206
1816	21	59227
1817	12	59239
1818	172	59411
1819	20	59431
1820	21	59452
1821	9	59461
1822	7	59468
1823	9	59477
1824	10	59487
1825	9	59496
1826	20	59516
1827	28	59544
1828	8	59552
1829	22	59574
1830	101	59675
1831	43	59718
1832	20	59738
1833	19	59757
1834	8	59765
1835	13	59778
1836	17	59795
1837	43	59838
1838	34	59872
1839	45	59917
1840	23	59940
1841	17	59957
1842	25	59982
1843	104	60086
1844	44	60130
1845	20	60150
1846	15	60165
1847	26	60191
1848	15	60206
1849	17	60223
1850	25	60248
1851	18	60266
1852	16	60282
1853	19	60301
1854	10	60311
1855	15	60326
1856	12	60338
1857	15	60353
1858	19	60372
1859	60	60432
1860	31	60463
1861	28	60491
1862	97	60588
1863	47	60635
1864	11	60646
1865	7	60653
1866	27	60680
1867	40	60720
1868	11	60731
1869	10	60741
1870	35	60776
1871	21	60797
1872	18	60815
1873	15	60830
1874	21	60851
1875	34	60885
1876	33	60918
1877	29	60947
1878	14	60961
1879	20	60981
1880	16	60997
1881	10	61007
1882	15	61022
1883	33	61055
1884	10	61065
1885	15	61080
1886	48	61128
1887	23	61151
1888	35	61186
1889	11	61197
1890	25	61222
1891	23	61245
1892	27	61272
1893	11	61283
1894	15	61298
1895	20	61318
1896	19	61337
1897	13	61350
1898	20	61370
1899	47	61417
1900	25	61442
1901	33	61475
1902	31	61506
1903	7	61513
1904	39	61552
1905	38	61590
1906	30	61620
1907	31	61651
1908	21	61672
1909	31	61703
1910	18	61721
1911	11	61732
1912	4	61736
1913	26	61762
1914	18	61780
1915	7	61787
1916	20	61807
1917	9	61816
1918	10	61826
1919	15	61841
1920	19	61860
1921	20	61880
1922	11	61891
1923	10	61901
1924	16	61917
1925	11	61928
1926	12	61940
1927	11	61951
1928	11	61962
1929	11	61973
1930	25	61998
1931	20	62018
1932	38	62056
1933	14	62070
1934	10	62080
1935	11	62091
1936	26	62117
1937	43	62160
1938	23	62183
1939	10	62193
1940	13	62206
1941	27	62233
1942	25	62258
1943	24	62282
1944	24	62306
1945	17	62323
1946	28	62351
1947	29	62380
1948	15	62395
1949	16	62411
1950	9	62420
1951	8	62428
1952	20	62448
1953	9	62457
1954	6	62463
1955	13	62476
1956	9	62485
1957	10	62495
1958	18	62513
1959	10	62523
1960	12	62535
1961	11	62546
1962	6	62552
1963	8	62560
1964	10	62570
1965	17	62587
1966	10	62597
1967	10	62607
1968	13	62620
1969	16	62636
1970	22	62658
1971	119	62777
1972	18	62795
1973	13	62808
1974	10	62818
1975	10	62828
1976	8	62836
1977	11	62847
1978	13	62860
1979	11	62871
1980	9	62880
1981	16	62896
1982	14	62910
1983	17	62927
1984	28	62955
1985	76	63031
1986	16	63047
1987	13	63060
1988	42	63102
1989	20	63122
1990	16	63138
1991	23	63161
1992	24	63185
1993	18	63203
1994	40	63243
1995	17	63260
1996	56	63316
1997	55	63371
1998	85	63456
1999	11	63467
2000	9	63476
2001	16	63492
2002	9	63501
2003	19	63520
2004	78	63598
2005	34	63632
2006	19	63651
2007	15	63666
2008	21	63687
2009	33	63720
2010	33	63753
2011	22	63775
2012	10	63785
2013	27	63812
2014	35	63847
2015	45	63892
2016	51	63943
2017	18	63961
2018	21	63982
2019	21	64003
2020	23	64026
2021	9	64035
2022	6	64041
2023	11	64052
2024	8	64060
2025	46	64106
2026	51	64157
2027	36	64193
2028	35	64228
2029	57	64285
2030	13	64298
2031	65	64363
2032	15	64378
2033	28	64406
2034	30	64436
2035	56	64492
2036	14	64506
2037	11	64517
2038	11	64528
2039	28	64556
2040	17	64573
2041	39	64612
2042	14	64626
2043	21	64647
2044	44	64691
2045	15	64706
2046	34	64740
2047	23	64763
2048	14	64777
2049	9	64786
2050	11	64797
2051	6	64803
2052	14	64817
2053	45	64862
2054	15	64877
2055	21	64898
2056	10	64908
2057	8	64916
2058	30	64946
2059	9	64955
2060	18	64973
2061	40	65013
2062	38	65051
2063	20	65071
2064	44	65115
2065	18	65133
2066	19	65152
2067	13	65165
2068	8	65173
2069	15	65188
2070	10	65198
2071	17	65215
2072	18	65233
2073	25	65258
2074	32	65290
2075	21	65311
2076	42	65353
2077	27	65380
2078	35	65415
2079	37	65452
2080	44	65496
2081	20	65516
2082	11	65527
2083	20	65547
2084	14	65561
2085	16	65577
2086	20	65597
2087	28	65625
2088	7	65632
2089	11	65643
2090	13	65656
2091	14	65670
2092	27	65697
2093	69	65766
2094	22	65788
2095	33	65821
2096	11	65832
2097	28	65860
2098	83	65943
2099	27	65970
2100	27	65997
2101	19	66016
2102	21	66037
2103	21	66058
2104	19	66077
2105	38	66115
2106	60	66175
2107	128	66303
2108	15	66318
2109	8	66326
2110	9	66335
2111	8	66343
2112	9	66352
2113	6	66358
2114	24	66382
2115	9	66391
2116	11	66402
2117	38	66440
2118	50	66490
2119	33	66523
2120	23	66546
2121	26	66572
2122	75	66647
2123	21	66668
2124	17	66685
2125	11	66696
2126	45	66741
2127	12	66753
2128	20	66773
2129	12	66785
2130	7	66792
2131	15	66807
2132	16	66823
2133	13	66836
2134	21	66857
2135	34	66891
2136	17	66908
2137	22	66930
2138	12	66942
2139	21	66963
2140	19	66982
2141	16	66998
2142	28	67026
2143	12	67038
2144	13	67051
2145	2	67053
2146	10	67063
2147	19	67082
2148	16	67098
2149	23	67121
2150	17	67138
2151	38	67176
2152	27	67203
2153	22	67225
2154	43	67268
2155	14	67282
2156	16	67298
2157	24	67322
2158	24	67346
2159	40	67386
2160	114	67500
2161	31	67531
2162	12	67543
2163	29	67572
2164	15	67587
2165	40	67627
2166	26	67653
2167	14	67667
2168	28	67695
2169	28	67723
2170	63	67786
2171	5	67791
2172	10	67801
2173	10	67811
2174	16	67827
2175	31	67858
2176	14	67872
2177	9	67881
2178	10	67891
2179	11	67902
2180	16	67918
2181	19	67937
2182	25	67962
2183	14	67976
2184	85	68061
2185	19	68080
2186	73	68153
2187	59	68212
2188	30	68242
2189	20	68262
2190	53	68315
2191	111	68426
2192	20	68446
2193	24	68470
2194	40	68510
2195	15	68525
2196	22	68547
2197	23	68570
2198	91	68661
2199	44	68705
2200	30	68735
2201	52	68787
2202	33	68820
2203	30	68850
2204	25	68875
2205	67	68942
2206	85	69027
2207	44	69071
2208	29	69100
2209	21	69121
2210	60	69181
2211	94	69275
2212	31	69306
2213	27	69333
2214	29	69362
2215	16	69378
2216	12	69390
2217	21	69411
2218	27	69438
2219	14	69452
2220	19	69471
2221	35	69506
2222	11	69517
2223	14	69531
2224	14	69545
2225	11	69556
2226	46	69602
2227	11	69613
2228	67	69680
2229	91	69771
2230	119	69890
2231	57	69947
2232	36	69983
2233	18	70001
2234	12	70013
2235	22	70035
2236	8	70043
2237	59	70102
2238	59	70161
2239	104	70265
2240	20	70285
2241	15	70300
2242	17	70317
2243	14	70331
2244	77	70408
2245	34	70442
2246	30	70472
2247	21	70493
2248	34	70527
2249	29	70556
2250	24	70580
2251	27	70607
2252	21	70628
2253	30	70658
2254	24	70682
2255	28	70710
2256	28	70738
2257	78	70816
2258	37	70853
2259	19	70872
2260	10	70882
2261	8	70890
2262	10	70900
2263	57	70957
2264	29	70986
2265	156	71142
2266	36	71178
2267	22	71200
2268	27	71227
2269	38	71265
2270	23	71288
2271	37	71325
2272	30	71355
2273	12	71367
2274	10	71377
2275	11	71388
2276	47	71435
2277	12	71447
2278	61	71508
2279	37	71545
2280	63	71608
2281	55	71663
2282	32	71695
2283	58	71753
2284	37	71790
2285	66	71856
2286	22	71878
2287	32	71910
2288	86	71996
2289	34	72030
2290	90	72120
2291	41	72161
2292	21	72182
2293	8	72190
2294	7	72197
2295	13	72210
2296	22	72232
2297	20	72252
2298	23	72275
2299	36	72311
2300	22	72333
2301	19	72352
2302	11	72363
2303	22	72385
2304	25	72410
2305	51	72461
2306	19	72480
2307	11	72491
2308	80	72571
2309	25	72596
2310	16	72612
2311	23	72635
2312	21	72656
2313	9	72665
2314	28	72693
2315	15	72708
2316	25	72733
2317	17	72750
2318	15	72765
2319	52	72817
2320	20	72837
2321	28	72865
2322	11	72876
2323	20	72896
2324	14	72910
2325	31	72941
2326	11	72952
2327	33	72985
2328	28	73013
2329	25	73038
2330	35	73073
2331	162	73235
2332	45	73280
2333	81	73361
2334	59	73420
2335	30	73450
2336	62	73512
2337	24	73536
2338	17	73553
2339	20	73573
2340	43	73616
2341	20	73636
2342	21	73657
2343	25	73682
2344	38	73720
2345	13	73733
2346	17	73750
2347	20	73770
2348	27	73797
2349	21	73818
2350	38	73856
2351	76	73932
2352	26	73958
2353	48	74006
2354	28	74034
2355	48	74082
2356	7	74089
2357	18	74107
2358	86	74193
2359	45	74238
2360	20	74258
2361	22	74280
2362	50	74330
2363	18	74348
2364	9	74357
2365	55	74412
2366	20	74432
2367	25	74457
2368	13	74470
2369	20	74490
2370	15	74505
2371	17	74522
2372	41	74563
2373	54	74617
2374	25	74642
2375	20	74662
2376	28	74690
2377	30	74720
2378	27	74747
2379	18	74765
2380	8	74773
2381	25	74798
2382	10	74808
2383	20	74828
2384	23	74851
2385	15	74866
2386	15	74881
2387	25	74906
2388	54	74960
2389	26	74986
2390	40	75026
2391	12	75038
2392	38	75076
2393	12	75088
2394	24	75112
2395	8	75120
2396	15	75135
2397	20	75155
2398	21	75176
2399	17	75193
2400	8	75201
2401	12	75213
2402	23	75236
2403	10	75246
2404	7	75253
2405	47	75300
2406	7	75307
2407	6	75313
2408	7	75320
2409	13	75333
2410	72	75405
2411	17	75422
2412	16	75438
2413	12	75450
2414	45	75495
2415	13	75508
2416	17	75525
2417	47	75572
2418	25	75597
2419	18	75615
2420	21	75636
2421	41	75677
2422	38	75715
2423	46	75761
2424	16	75777
2425	8	75785
2426	18	75803
2427	19	75822
2428	16	75838
2429	30	75868
2430	17	75885
2431	16	75901
2432	26	75927
2433	41	75968
2434	14	75982
2435	35	76017
2436	11	76028
2437	12	76040
2438	26	76066
2439	26	76092
2440	34	76126
2441	14	76140
2442	28	76168
2443	25	76193
2444	27	76220
2445	12	76232
2446	36	76268
2447	17	76285
2448	20	76305
2449	17	76322
2450	51	76373
2451	34	76407
2452	100	76507
2453	21	76528
2454	30	76558
2455	19	76577
2456	46	76623
2457	28	76651
2458	10	76661
2459	61	76722
2460	5	76727
2461	6	76733
2462	13	76746
2463	16	76762
2464	13	76775
2465	18	76793
2466	8	76801
2467	12	76813
2468	12	76825
2469	42	76867
2470	9	76876
2471	9	76885
2472	21	76906
2473	30	76936
2474	36	76972
2475	20	76992
2476	19	77011
2477	11	77022
2478	16	77038
2479	12	77050
2480	6	77056
2481	30	77086
2482	42	77128
2483	38	77166
2484	25	77191
2485	20	77211
2486	97	77308
2487	30	77338
2488	32	77370
2489	15	77385
2490	56	77441
2491	16	77457
2492	115	77572
2493	103	77675
2494	32	77707
2495	51	77758
2496	39	77797
2497	24	77821
2498	15	77836
2499	11	77847
2500	23	77870
2501	18	77888
2502	30	77918
2503	32	77950
2504	47	77997
2505	26	78023
2506	9	78032
2507	16	78048
2508	18	78066
2509	14	78080
2510	93	78173
2511	39	78212
2512	38	78250
2513	51	78301
2514	59	78360
2515	16	78376
2516	25	78401
2517	12	78413
2518	14	78427
2519	19	78446
2520	12	78458
2521	24	78482
2522	45	78527
2523	23	78550
2524	27	78577
2525	15	78592
2526	21	78613
2527	13	78626
2528	16	78642
2529	15	78657
2530	19	78676
2531	32	78708
2532	22	78730
2533	18	78748
2534	15	78763
2535	14	78777
2536	11	78788
2537	12	78800
2538	11	78811
2539	15	78826
2540	7	78833
2541	9	78842
2542	10	78852
2543	16	78868
2544	20	78888
2545	37	78925
2546	12	78937
2547	13	78950
2548	12	78962
2549	20	78982
2550	11	78993
2551	13	79006
2552	27	79033
2553	18	79051
2554	17	79068
2555	14	79082
2556	25	79107
2557	18	79125
2558	15	79140
2559	8	79148
2560	27	79175
2561	10	79185
2562	56	79241
2563	45	79286
2564	16	79302
2565	31	79333
2566	39	79372
2567	16	79388
2568	29	79417
2569	41	79458
2570	28	79486
2571	27	79513
2572	25	79538
2573	50	79588
2574	37	79625
2575	36	79661
2576	62	79723
2577	110	79833
2578	48	79881
2579	27	79908
2580	44	79952
2581	55	80007
2582	98	80105
2583	33	80138
2584	38	80176
2585	42	80218
2586	37	80255
2587	155	80410
2588	27	80437
2589	34	80471
2590	16	80487
2591	189	80676
2592	61	80737
2593	15	80752
2594	31	80783
2595	25	80808
2596	24	80832
2597	20	80852
2598	30	80882
2599	66	80948
2600	23	80971
2601	45	81016
2602	42	81058
2603	40	81098
2604	28	81126
2605	166	81292
2606	60	81352
2607	60	81412
2608	179	81591
2609	37	81628
2610	33	81661
2611	61	81722
2612	36	81758
2613	29	81787
2614	108	81895
2615	26	81921
2616	21	81942
2617	51	81993
2618	52	82045
2619	157	82202
2620	149	82351
2621	35	82386
2622	95	82481
2623	51	82532
2624	21	82553
2625	28	82581
2626	80	82661
2627	51	82712
2628	130	82842
2629	24	82866
2630	40	82906
2631	16	82922
2632	33	82955
2633	12	82967
2634	20	82987
2635	21	83008
2636	40	83048
2637	108	83156
2638	25	83181
2639	25	83206
2640	25	83231
2641	91	83322
2642	21	83343
2643	30	83373
2644	99	83472
2645	59	83531
2646	56	83587
2647	114	83701
2648	35	83736
2649	21	83757
2650	29	83786
2651	42	83828
2652	24	83852
2653	44	83896
2654	25	83921