1	169	169	
2	23	192	
3	123	315	
4	59	374	
5	38	412	
6	58	470	
7	66	536	
8	63	599	
9	60	659	
10	60	719	
11	21	740	
12	25	765	
13	259	1024	
14	46	1070	
15	30	1100	
16	50	1150	
17	115	1265	
18	72	1337	
19	107	1444	
20	111	1555	
21	61	1616	
22	36	1652	
23	128	1780	
24	110	1890	
25	31	1921	
26	39	1960	
27	106	2066	
28	30	2096	
29	19	2115	
30	239	2354	
31	205	2559	
32	47	2606	
33	290	2896	
34	208	3104	
35	52	3156	
36	70	3226	
37	59	3285	
38	137	3422	
39	100	3522	
40	47	3569	
41	35	3604	
42	46	3650	
43	29	3679	
44	30	3709	
45	33	3742	
46	35	3777	
47	59	3836	
48	39	3875	
49	10	3885	
50	27	3912	
51	49	3961	
52	159	4120	
53	62	4182	
54	66	4248	
55	27	4275	
56	64	4339	
57	40	4379	
58	80	4459	
59	28	4487	
60	27	4514	
61	89	4603	
62	97	4700	
63	25	4725	
64	263	4988	
65	43	5031	
66	36	5067	
67	32	5099	
68	80	5179	
69	20	5199	
70	20	5219	
71	83	5302	
72	54	5356	
73	152	5508	
74	38	5546	
75	51	5597	
76	17	5614	
77	20	5634	
78	25	5659	
79	30	5689	
80	37	5726	
81	35	5761	
82	23	5784	
83	50	5834	
84	27	5861	
85	24	5885	
86	83	5968	
87	15	5983	
88	28	6011	
89	35	6046	
90	52	6098	
91	33	6131	
92	61	6192	
93	45	6237	
94	78	6315	
95	51	6366	
96	14	6380	
97	62	6442	
98	32	6474	
99	62	6536	
100	29	6565	
101	49	6614	
102	44	6658	
103	9	6667	
104	31	6698	
105	87	6785	
106	64	6849	
107	33	6882	
108	72	6954	
109	27	6981	
110	127	7108	
111	22	7130	
112	65	7195	
113	50	7245	
114	20	7265	
115	34	7299	
116	105	7404	
117	96	7500	
118	85	7585	
119	50	7635	
120	24	7659	
121	18	7677	
122	45	7722	
123	25	7747	
124	34	7781	
125	21	7802	
126	64	7866	
127	48	7914	
128	116	8030	
129	155	8185	
130	31	8216	
131	24	8240	
132	19	8259	
133	12	8271	
134	23	8294	
135	32	8326	
136	15	8341	
137	13	8354	
138	26	8380	
139	65	8445	
140	26	8471	
141	89	8560	
142	24	8584	
143	17	8601	
144	18	8619	
145	47	8666	
146	20	8686	
147	15	8701	
148	14	8715	
149	12	8727	
150	32	8759	
151	17	8776	
152	18	8794	
153	24	8818	
154	25	8843	
155	16	8859	
156	32	8891	
157	43	8934	
158	72	9006	
159	21	9027	
160	32	9059	
161	111	9170	
162	35	9205	
163	41	9246	
164	113	9359	
165	25	9384	
166	28	9412	
167	67	9479	
168	92	9571	
169	103	9674	
170	80	9754	
171	90	9844	
172	138	9982	
173	107	10089	
174	86	10175	
175	147	10322	
176	177	10499	
177	81	10580	
178	90	10670	
179	34	10704	
180	31	10735	
181	78	10813	
182	93	10906	
183	24	10930	
184	83	11013	
185	122	11135	
186	37	11172	
187	68	11240	
188	80	11320	
189	64	11384	
190	45	11429	
191	48	11477	
192	265	11742	
193	74	11816	
194	150	11966	
195	66	12032	
196	96	12128	
197	220	12348	
198	121	12469	
199	257	12726	
200	258	12984	
201	27	13011	
202	48	13059	
203	29	13088	
204	27	13115	
205	18	13133	
206	56	13189	
207	59	13248	
208	98	13346	
209	22	13368	
210	13	13381	
211	87	13468	
212	63	13531	
213	30	13561	
214	31	13592	
215	43	13635	
216	22	13657	
217	10	13667	
218	23	13690	
219	9	13699	
220	15	13714	
221	18	13732	
222	29	13761	
223	16	13777	
224	26	13803	
225	21	13824	
226	8	13832	
227	18	13850	
228	15	13865	
229	22	13887	
230	9	13896	
231	74	13970	
232	22	13992	
233	15	14007	
234	10	14017	
235	44	14061	
236	70	14131	
237	14	14145	
238	34	14179	
239	77	14256	
240	39	14295	
241	59	14354	
242	80	14434	
243	20	14454	
244	22	14476	
245	81	14557	
246	25	14582	
247	64	14646	
248	51	14697	
249	59	14756	
250	111	14867	
251	150	15017	
252	33	15050	
253	165	15215	
254	63	15278	
255	26	15304	
256	35	15339	
257	41	15380	
258	32	15412	
259	18	15430	
260	29	15459	
261	277	15736	
262	152	15888	
263	18	15906	
264	28	15934	
265	73	16007	
266	28	16035	
267	49	16084	
268	57	16141	
269	44	16185	
270	39	16224	
271	14	16238	
272	12	16250	
273	9	16259	
274	76	16335	
275	25	16360	
276	21	16381	
277	40	16421	
278	11	16432	
279	17	16449	
280	40	16489	
281	15	16504	
282	11	16515	
283	10	16525	
284	83	16608	
285	66	16674	
286	31	16705	
287	64	16769	
288	7	16776	
289	20	16796	
290	63	16859	
291	22	16881	
292	35	16916	
293	33	16949	
294	25	16974	
295	19	16993	
296	30	17023	
297	11	17034	
298	35	17069	
299	26	17095	
300	14	17109	
301	27	17136	
302	18	17154	
303	25	17179	
304	44	17223	
305	20	17243	
306	26	17269	
307	28	17297	
308	15	17312	
309	37	17349	
310	47	17396	
311	106	17502	
312	34	17536	
313	65	17601	
314	169	17770	
315	34	17804	
316	28	17832	
317	39	17871	
318	64	17935	
319	21	17956	
320	33	17989	
321	35	18024	
322	166	18190	
323	26	18216	
324	37	18253	
325	52	18305	
326	65	18370	
327	103	18473	
328	33	18506	
329	229	18735	
330	24	18759	
331	66	18825	
332	15	18840	
333	19	18859	
334	11	18870	
335	32	18902	
336	15	18917	
337	15	18932	
338	21	18953	
339	181	19134	
340	26	19160	
341	16	19176	
342	84	19260	
343	31	19291	
344	29	19320	
345	28	19348	
346	30	19378	
347	113	19491	
348	58	19549	
349	36	19585	
350	20	19605	
351	15	19620	
352	46	19666	
353	43	19709	
354	33	19742	
355	13	19755	
356	55	19810	
357	27	19837	
358	51	19888	
359	28	19916	
360	40	19956	
361	23	19979	
362	15	19994	
363	7	20001	
364	18	20019	
365	16	20035	
366	30	20065	
367	39	20104	
368	16	20120	
369	18	20138	
370	28	20166	
371	208	20374	
372	28	20402	
373	15	20417	
374	10	20427	
375	32	20459	
376	11	20470	
377	16	20486	
378	17	20503	
379	13	20516	
380	18	20534	
381	15	20549	
382	12	20561	
383	18	20579	
384	9	20588	
385	23	20611	
386	14	20625	
387	12	20637	
388	29	20666	
389	14	20680	
390	10	20690	
391	12	20702	
392	18	20720	
393	13	20733	
394	7	20740	
395	18	20758	
396	15	20773	
397	28	20801	
398	10	20811	
399	13	20824	
400	21	20845	
401	6	20851	
402	14	20865	
403	19	20884	
404	10	20894	
405	12	20906	
406	18	20924	
407	11	20935	
408	13	20948	
409	16	20964	
410	12	20976	
411	13	20989	
412	10	20999	
413	10	21009	
414	12	21021	
415	10	21031	
416	9	21040	
417	11	21051	
418	14	21065	
419	8	21073	
420	9	21082	
421	11	21093	
422	11	21104	
423	32	21136	
424	16	21152	
425	128	21280	
426	24	21304	
427	66	21370	
428	48	21418	
429	36	21454	
430	74	21528	
431	31	21559	
432	17	21576	
433	73	21649	
434	41	21690	
435	72	21762	
436	75	21837	
437	27	21864	
438	105	21969	
439	28	21997	
440	34	22031	
441	31	22062	
442	34	22096	
443	50	22146	
444	53	22199	
445	39	22238	
446	105	22343	
447	62	22405	
448	32	22437	
449	19	22456	
450	18	22474	
451	22	22496	
452	82	22578	
453	52	22630	
454	48	22678	
455	181	22859	
456	90	22949	
457	82	23031	
458	39	23070	
459	227	23297	
460	107	23404	
461	85	23489	
462	73	23562	
463	74	23636	
464	43	23679	
465	133	23812	
466	49	23861	
467	32	23893	
468	13	23906	
469	119	24025	
470	85	24110	
471	33	24143	
472	24	24167	
473	12	24179	
474	32	24211	
475	36	24247	
476	545	24792	
477	77	24869	
478	103	24972	
479	56	25028	
480	167	25195	
481	72	25267	
482	123	25390	
483	49	25439	
484	75	25514	
485	58	25572	
486	33	25605	
487	79	25684	
488	113	25797	
489	49	25846	
490	27	25873	
491	108	25981	
492	35	26016	
493	34	26050	
494	35	26085	
495	19	26104	
496	46	26150	
497	55	26205	
498	35	26240	
499	19	26259	
500	37	26296	
501	44	26340	
502	19	26359	
503	122	26481	
504	115	26596	
505	59	26655	
506	111	26766	
507	19	26785	
508	32	26817	
509	34	26851	
510	115	26966	
511	26	26992	
512	81	27073	
513	37	27110	
514	33	27143	
515	163	27306	
516	21	27327	
517	53	27380	
518	55	27435	
519	69	27504	
520	25	27529	
521	113	27642	
522	54	27696	
523	43	27739	
524	30	27769	
525	49	27818	
526	17	27835	
527	16	27851	
528	68	27919	
529	25	27944	
530	19	27963	
531	23	27986	
532	14	28000	
533	10	28010	
534	20	28030	
535	16	28046	
536	20	28066	
537	8	28074	
538	11	28085	
539	21	28106	
540	39	28145	
541	67	28212	
542	16	28228	
543	91	28319	
544	63	28382	
545	57	28439	
546	11	28450	
547	15	28465	
548	24	28489	
549	14	28503	
550	11	28514	
551	23	28537	
552	13	28550	
553	10	28560	
554	15	28575	
555	19	28594	
556	11	28605	
557	16	28621	
558	14	28635	
559	16	28651	
560	18	28669	
561	15	28684	
562	7	28691	
563	20	28711	
564	9	28720	
565	9	28729	
566	26	28755	
567	14	28769	
568	22	28791	
569	20	28811	
570	15	28826	
571	11	28837	
572	14	28851	
573	22	28873	
574	15	28888	
575	7	28895	
576	94	28989	
577	127	29116	
578	24	29140	
579	20	29160	
580	13	29173	
581	12	29185	
582	11	29196	
583	191	29387	
584	62	29449	
585	60	29509	
586	60	29569	
587	32	29601	
588	73	29674	
589	167	29841	
590	133	29974	
591	61	30035	
592	83	30118	
593	87	30205	
594	61	30266	
595	88	30354	
596	30	30384	
597	35	30419	
598	135	30554	
599	49	30603	
600	37	30640	
601	30	30670	
602	90	30760	
603	34	30794	
604	228	31022	
605	147	31169	
606	68	31237	
607	90	31327	
608	87	31414	
609	48	31462	
610	35	31497	
611	35	31532	
612	49	31581	
613	24	31605	
614	68	31673	
615	22	31695	
616	65	31760	
617	26	31786	
618	53	31839	
619	50	31889	
620	135	32024	
621	196	32220	
622	89	32309	
623	88	32397	
624	38	32435	
625	60	32495	
626	25	32520	
627	70	32590	
628	108	32698	
629	35	32733	
630	187	32920	
631	87	33007	
632	31	33038	
633	27	33065	
634	15	33080	
635	17	33097	
636	24	33121	
637	21	33142	
638	23	33165	
639	74	33239	
640	67	33306	
641	35	33341	
642	19	33360	
643	31	33391	
644	24	33415	
645	67	33482	
646	27	33509	
647	73	33582	
648	13	33595	
649	69	33664	
650	28	33692	
651	12	33704	
652	12	33716	
653	19	33735	
654	31	33766	
655	28	33794	
656	11	33805	
657	24	33829	
658	51	33880	
659	15	33895	
660	46	33941	
661	38	33979	
662	67	34046	
663	18	34064	
664	107	34171	
665	25	34196	
666	48	34244	
667	23	34267	
668	15	34282	
669	50	34332	
670	24	34356	
671	51	34407	
672	42	34449	
673	37	34486	
674	87	34573	
675	37	34610	
676	110	34720	
677	32	34752	
678	58	34810	
679	51	34861	
680	114	34975	
681	55	35030	
682	14	35044	
683	20	35064	
684	25	35089	
685	57	35146	
686	32	35178	
687	63	35241	
688	24	35265	
689	30	35295	
690	75	35370	
691	50	35420	
692	29	35449	
693	42	35491	
694	25	35516	
695	75	35591	
696	14	35605	
697	30	35635	
698	135	35770	
699	25	35795	
700	177	35972	
701	128	36100	
702	147	36247	
703	112	36359	
704	142	36501	
705	101	36602	
706	177	36779	
707	96	36875	
708	174	37049	
709	61	37110	
710	57	37167	
711	37	37204	
712	71	37275	
713	98	37373	
714	150	37523	
715	81	37604	
716	95	37699	
717	55	37754	
718	122	37876	
719	61	37937	
720	27	37964	
721	31	37995	
722	66	38061	
723	30	38091	
724	84	38175	
725	99	38274	
726	130	38404	
727	77	38481	
728	43	38524	
729	113	38637	
730	93	38730	
731	81	38811	
732	33	38844	
733	35	38879	
734	425	39304	
735	543	39847	
736	78	39925	
737	162	40087	
738	75	40162	
739	113	40275	
740	44	40319	
741	36	40355	
742	65	40420	
743	86	40506	
744	65	40571	
745	53	40624	
746	27	40651	
747	48	40699	
748	35	40734	
749	12	40746	
750	16	40762	
751	14	40776	
752	24	40800	
753	27	40827	
754	106	40933	
755	26	40959	
756	57	41016	
757	106	41122	
758	54	41176	
759	484	41660	
760	54	41714	
761	229	41943	
762	38	41981	
763	29	42010	
764	24	42034	
765	48	42082	
766	84	42166	
767	54	42220	
768	61	42281	
769	91	42372	
770	83	42455	
771	71	42526	
772	213	42739	
773	43	42782	
774	25	42807	
775	40	42847	
776	20	42867	
777	10	42877	
778	9	42886	
779	12	42898	
780	7	42905	
781	15	42920	
782	106	43026	
783	44	43070	
784	110	43180	
785	29	43209	
786	26	43235	
787	8	43243	
788	16	43259	
789	13	43272	
790	27	43299	
791	35	43334	
792	36	43370	
793	29	43399	
794	20	43419	
795	12	43431	
796	13	43444	
797	12	43456	
798	15	43471	
799	54	43525	
800	55	43580	
801	18	43598	
802	124	43722	
803	23	43745	
804	24	43769	
805	16	43785	
806	17	43802	
807	33	43835	
808	37	43872	
809	52	43924	
810	35	43959	
811	85	44044	
812	41	44085	
813	29	44114	
814	15	44129	
815	21	44150	
816	29	44179	
817	11	44190	
818	27	44217	
819	14	44231	
820	15	44246	
821	9	44255	
822	18	44273	
823	13	44286	
824	12	44298	
825	17	44315	
826	10	44325	
827	21	44346	
828	14	44360	
829	15	44375	
830	11	44386	
831	17	44403	
832	8	44411	
833	10	44421	
834	49	44470	
835	66	44536	
836	33	44569	
837	18	44587	
838	24	44611	
839	16	44627	
840	17	44644	
841	27	44671	
842	19	44690	
843	23	44713	
844	37	44750	
845	12	44762	
846	9	44771	
847	10	44781	
848	10	44791	
849	64	44855	
850	46	44901	
851	15	44916	
852	19	44935	
853	25	44960	
854	31	44991	
855	15	45006	
856	9	45015	
857	158	45173	
858	21	45194	
859	26	45220	
860	19	45239	
861	27	45266	
862	48	45314	
863	28	45342	
864	24	45366	
865	11	45377	
866	10	45387	
867	16	45403	
868	29	45432	
869	27	45459	
870	16	45475	
871	13	45488	
872	8	45496	
873	24	45520	
874	30	45550	
875	14	45564	
876	40	45604	
877	16	45620	
878	9	45629	
879	12	45641	
880	16	45657	
881	14	45671	
882	13	45684	
883	22	45706	
884	130	45836	
885	21	45857	
886	15	45872	
887	19	45891	
888	49	45940	
889	34	45974	
890	84	46058	
891	72	46130	
892	21	46151	
893	14	46165	
894	19	46184	
895	11	46195	
896	19	46214	
897	22	46236	
898	36	46272	
899	23	46295	
900	19	46314	
901	20	46334	
902	13	46347	
903	18	46365	
904	30	46395	
905	18	46413	
906	34	46447	
907	24	46471	
908	44	46515	
909	42	46557	
910	24	46581	
911	33	46614	
912	80	46694	
913	31	46725	
914	86	46811	
915	40	46851	
916	140	46991	
917	26	47017	
918	28	47045	
919	16	47061	
920	50	47111	
921	18	47129	
922	22	47151	
923	35	47186	
924	24	47210	
925	29	47239	
926	12	47251	
927	41	47292	
928	24	47316	
929	19	47335	
930	89	47424	
931	61	47485	
932	71	47556	
933	24	47580	
934	190	47770	
935	39	47809	
936	33	47842	
937	27	47869	
938	32	47901	
939	36	47937	
940	32	47969	
941	58	48027	
942	38	48065	
943	26	48091	
944	36	48127	
945	18	48145	
946	90	48235	
947	42	48277	
948	42	48319	
949	46	48365	
950	43	48408	
951	14	48422	
952	40	48462	
953	23	48485	
954	44	48529	
955	90	48619	
956	21	48640	
957	67	48707	
958	28	48735	
959	35	48770	
960	14	48784	
961	27	48811	
962	51	48862	
963	67	48929	
964	27	48956	
965	50	49006	
966	160	49166	
967	49	49215	
968	34	49249	
969	110	49359	
970	70	49429	
971	30	49459	
972	72	49531	
973	35	49566	
974	101	49667	
975	124	49791	
976	29	49820	
977	86	49906	
978	89	49995	
979	49	50044	
980	20	50064	
981	25	50089	
982	15	50104	
983	27	50131	
984	30	50161	
985	29	50190	
986	17	50207	
987	43	50250	
988	23	50273	
989	27	50300	
990	30	50330	
991	19	50349	
992	47	50396	
993	34	50430	
994	56	50486	
995	20	50506	
996	26	50532	
997	30	50562	
998	47	50609	
999	26	50635	
1000	62	50697	
1001	46	50743	
1002	37	50780	
1003	279	51059	
1004	40	51099	
1005	32	51131	
1006	42	51173	
1007	127	51300	
1008	39	51339	
1009	31	51370	
1010	71	51441	
1011	34	51475	
1012	64	51539	
1013	55	51594	
1014	41	51635	
1015	26	51661	
1016	27	51688	
1017	93	51781	
1018	33	51814	
1019	120	51934	
1020	43	51977	
1021	23	52000	
1022	22	52022	
1023	37	52059	
1024	52	52111	
1025	33	52144	
1026	92	52236	
1027	29	52265	
1028	19	52284	
1029	43	52327	
1030	52	52379	
1031	84	52463	
1032	38	52501	
1033	31	52532	
1034	24	52556	
1035	46	52602	
1036	97	52699	
1037	41	52740	
1038	25	52765	
1039	34	52799	
1040	65	52864	
1041	30	52894	
1042	221	53115	
1043	44	53159	
1044	66	53225	
1045	26	53251	
1046	43	53294	
1047	33	53327	
1048	64	53391	
1049	40	53431	
1050	35	53466	
1051	17	53483	
1052	17	53500	
1053	47	53547	
1054	26	53573	
1055	13	53586	
1056	48	53634	
1057	27	53661	
1058	21	53682	
1059	27	53709	
1060	31	53740	
1061	19	53759	
1062	42	53801	
1063	10	53811	
1064	8	53819	
1065	11	53830	
1066	24	53854	
1067	20	53874	
1068	17	53891	
1069	18	53909	
1070	71	53980	
1071	18	53998	
1072	17	54015	
1073	89	54104	
1074	34	54138	
1075	22	54160	
1076	36	54196	
1077	57	54253	
1078	134	54387	
1079	67	54454	
1080	107	54561	
1081	159	54720	
1082	211	54931	
1083	189	55120	
1084	211	55331	
1085	142	55473	
1086	118	55591	
1087	136	55727	
1088	258	55985	
1089	21	56006	
1090	38	56044	
1091	86	56130	
1092	25	56155	
1093	12	56167	
1094	19	56186	
1095	10	56196	
1096	29	56225	
1097	55	56280	
1098	26	56306	
1099	30	56336	
1100	17	56353	
1101	18	56371	
1102	54	56425	
1103	27	56452	
1104	23	56475	
1105	12	56487	
1106	40	56527	
1107	29	56556	
1108	78	56634	
1109	51	56685	
1110	45	56730	
1111	70	56800	
1112	47	56847	
1113	34	56881	
1114	13	56894	
1115	18	56912	
1116	19	56931	
1117	10	56941	
1118	34	56975	
1119	24	56999	
1120	30	57029	
1121	20	57049	
1122	26	57075	
1123	24	57099	
1124	12	57111	
1125	24	57135	
1126	20	57155	
1127	30	57185	
1128	50	57235	
1129	44	57279	
1130	36	57315	
1131	44	57359	
1132	168	57527	
1133	48	57575	
1134	41	57616	
1135	20	57636	
1136	26	57662	
1137	48	57710	
1138	39	57749	
1139	83	57832	
1140	98	57930	
1141	99	58029	
1142	30	58059	
1143	36	58095	
1144	21	58116	
1145	36	58152	
1146	33	58185	
1147	36	58221	
1148	74	58295	
1149	74	58369	
1150	27	58396	
1151	55	58451	
1152	95	58546	
1153	65	58611	
1154	31	58642	
1155	157	58799	
1156	53	58852	
1157	45	58897	
1158	43	58940	
1159	305	59245	
1160	89	59334	
1161	197	59531	
1162	60	59591	
1163	188	59779	
1164	61	59840	
1165	57	59897	
1166	76	59973	
1167	76	60049	
1168	97	60146	
1169	66	60212	
1170	42	60254	
1171	145	60399	
1172	40	60439	
1173	52	60491	
1174	89	60580	
1175	14	60594	
1176	30	60624	
1177	40	60664	
1178	46	60710	
1179	19	60729	
1180	27	60756	
1181	33	60789	
1182	110	60899	
1183	67	60966	
1184	46	61012	
1185	30	61042	
1186	100	61142	
1187	38	61180	
1188	20	61200	
1189	32	61232	
1190	21	61253	
1191	18	61271	
1192	32	61303	
1193	18	61321	
1194	32	61353	
1195	23	61376	
1196	34	61410	
1197	15	61425	
1198	45	61470	
1199	58	61528	
1200	21	61549	
1201	18	61567	
1202	114	61681	
1203	11	61692	
1204	43	61735	
1205	42	61777	
1206	45	61822	
1207	17	61839	
1208	15	61854	
1209	12	61866	
1210	13	61879	
1211	22	61901	
1212	11	61912	
1213	13	61925	
1214	22	61947	
1215	54	62001	
1216	36	62037	
1217	47	62084	
1218	48	62132	
1219	23	62155	
1220	75	62230	
1221	104	62334	
1222	29	62363	
1223	14	62377	
1224	19	62396	
1225	10	62406	
1226	18	62424	
1227	15	62439	
1228	12	62451	
1229	21	62472	
1230	39	62511	
1231	68	62579	
1232	23	62602	
1233	25	62627	
1234	44	62671	
1235	53	62724	
1236	71	62795	
1237	24	62819	
1238	28	62847	
1239	12	62859	
1240	26	62885	
1241	19	62904	
1242	206	63110	
1243	41	63151	
1244	53	63204	
1245	132	63336	
1246	91	63427	
1247	80	63507	
1248	170	63677	
1249	48	63725	
1250	123	63848	
1251	34	63882	
1252	25	63907	
1253	81	63988	
1254	42	64030	
1255	25	64055	
1256	43	64098	
1257	21	64119	
1258	80	64199	
1259	50	64249	
1260	27	64276	
1261	73	64349	
1262	24	64373	
1263	73	64446	
1264	94	64540	
1265	119	64659	
1266	40	64699	
1267	157	64856	
1268	65	64921	
1269	35	64956	
1270	117	65073	
1271	48	65121	
1272	72	65193	
1273	27	65220	
1274	54	65274	
1275	90	65364	
1276	125	65489	
1277	47	65536	
1278	56	65592	
1279	28	65620	
1280	111	65731	
1281	91	65822	
1282	20	65842	
1283	35	65877	
1284	39	65916	
1285	91	66007	
1286	64	66071	
1287	29	66100	
1288	41	66141	
1289	70	66211	
1290	58	66269	
1291	51	66320	
1292	99	66419	
1293	203	66622	
1294	47	66669	
1295	388	67057	
1296	74	67131	
1297	219	67350	
1298	125	67475	
1299	36	67511	
1300	74	67585	
1301	195	67780	
1302	49	67829	
1303	33	67862	
1304	46	67908	
1305	27	67935	
1306	20	67955	
1307	30	67985	
1308	14	67999	
1309	12	68011	
1310	24	68035	
1311	19	68054	
1312	39	68093	
1313	34	68127	
1314	22	68149	
1315	23	68172	
1316	22	68194	
1317	16	68210	
1318	20	68230	
1319	75	68305	
1320	42	68347	
1321	17	68364	
1322	17	68381	
1323	21	68402	
1324	13	68415	
1325	20	68435	
1326	14	68449	
1327	9	68458	
1328	11	68469	
1329	31	68500	
1330	17	68517	
1331	17	68534	
1332	15	68549	
1333	11	68560	
1334	14	68574	
1335	32	68606	
1336	33	68639	
1337	15	68654	
1338	12	68666	
1339	37	68703	
1340	14	68717	
1341	40	68757	
1342	28	68785	
1343	41	68826	
1344	31	68857	
1345	83	68940	
1346	236	69176	
1347	95	69271	
1348	63	69334	
1349	137	69471	
1350	83	69554	
1351	84	69638	
1352	36	69674	
1353	30	69704	
1354	94	69798	
1355	17	69815	
1356	92	69907	
1357	104	70011	
1358	119	70130	
1359	141	70271	
1360	99	70370	
1361	134	70504	
1362	153	70657	
1363	129	70786	
1364	155	70941	
1365	25	70966	
1366	50	71016	
1367	48	71064	
1368	92	71156	
1369	72	71228	