1	125	125	
2	344	469	
3	102	571	
4	64	635	
5	75	710	
6	13	723	
7	9	732	
8	9	741	
9	10	751	
10	12	763	
11	17	780	
12	50	830	
13	66	896	
14	50	946	
15	62	1008	
16	17	1025	
17	55	1080	
18	51	1131	
19	34	1165	
20	33	1198	
21	19	1217	
22	23	1240	
23	36	1276	
24	41	1317	
25	44	1361	
26	19	1380	
27	11	1391	
28	6	1397	
29	8	1405	
30	44	1449	
31	18	1467	
32	8	1475	
33	8	1483	
34	7	1490	
35	9	1499	
36	15	1514	
37	6	1520	
38	6	1526	
39	7	1533	
40	11	1544	
41	7	1551	
42	12	1563	
43	11	1574	
44	10	1584	
45	15	1599	
46	24	1623	
47	22	1645	
48	25	1670	
49	68	1738	
50	100	1838	
51	24	1862	
52	14	1876	
53	17	1893	
54	28	1921	
55	19	1940	
56	10	1950	
57	15	1965	
58	19	1984	
59	23	2007	
60	37	2044	
61	29	2073	
62	10	2083	
63	15	2098	
64	28	2126	
65	20	2146	
66	18	2164	
67	43	2207	
68	30	2237	
69	14	2251	
70	21	2272	
71	30	2302	
72	11	2313	
73	6	2319	
74	9	2328	
75	18	2346	
76	42	2388	
77	9	2397	
78	8	2405	
79	15	2420	
80	12	2432	
81	8	2440	
82	28	2468	
83	12	2480	
84	9	2489	
85	7	2496	
86	12	2508	
87	12	2520	
88	11	2531	
89	31	2562	
90	15	2577	
91	13	2590	
92	14	2604	
93	7	2611	
94	12	2623	
95	8	2631	
96	12	2643	
97	10	2653	
98	11	2664	
99	21	2685	
100	19	2704	
101	11	2715	
102	10	2725	
103	45	2770	
104	29	2799	
105	24	2823	
106	16	2839	
107	14	2853	
108	40	2893	
109	13	2906	
110	28	2934	
111	13	2947	
112	9	2956	
113	10	2966	
114	18	2984	
115	18	3002	
116	13	3015	
117	14	3029	
118	15	3044	
119	10	3054	
120	14	3068	
121	15	3083	
122	26	3109	
123	13	3122	
124	52	3174	
125	17	3191	
126	43	3234	
127	27	3261	
128	37	3298	
129	122	3420	
130	47	3467	
131	73	3540	
132	108	3648	
133	66	3714	
134	20	3734	
135	42	3776	
136	49	3825	
137	13	3838	
138	84	3922	
139	21	3943	
140	33	3976	
141	15	3991	
142	17	4008	
143	26	4034	
144	18	4052	
145	39	4091	
146	58	4149	
147	10	4159	
148	35	4194	
149	46	4240	
150	11	4251	
151	14	4265	
152	11	4276	
153	109	4385	
154	23	4408	
155	28	4436	
156	39	4475	
157	15	4490	
158	19	4509	
159	24	4533	
160	12	4545	
161	34	4579	
162	19	4598	
163	49	4647	
164	72	4719	
165	34	4753	
166	19	4772	
167	17	4789	
168	33	4822	
169	20	4842	
170	24	4866	
171	32	4898	
172	17	4915	
173	115	5030	
174	36	5066	
175	27	5093	
176	32	5125	
177	26	5151	
178	78	5229	
179	30	5259	
180	46	5305	
181	39	5344	
182	55	5399	
183	105	5504	
184	47	5551	
185	87	5638	
186	29	5667	
187	32	5699	
188	25	5724	
189	26	5750	
190	18	5768	
191	12	5780	
192	50	5830	
193	39	5869	
194	11	5880	
195	61	5941	
196	18	5959	
197	49	6008	
198	58	6066	
199	27	6093	
200	24	6117	
201	14	6131	
202	14	6145	
203	31	6176	
204	24	6200	
205	49	6249	
206	88	6337	
207	38	6375	
208	90	6465	
209	40	6505	
210	83	6588	
211	60	6648	
212	49	6697	
213	29	6726	
214	41	6767	
215	18	6785	
216	19	6804	
217	26	6830	
218	18	6848	
219	17	6865	
220	21	6886	
221	21	6907	
222	29	6936	
223	48	6984	
224	28	7012	
225	20	7032	
226	38	7070	
227	30	7100	
228	16	7116	
229	45	7161	
230	14	7175	
231	19	7194	
232	64	7258	
233	33	7291	
234	50	7341	
235	92	7433	
236	98	7531	
237	56	7587	
238	74	7661	
239	19	7680	
240	37	7717	
241	34	7751	
242	337	8088	
243	35	8123	
244	7	8130	
245	26	8156	
246	43	8199	
247	123	8322	
248	28	8350	
249	22	8372	
250	23	8395	
251	15	8410	
252	15	8425	
253	14	8439	
254	89	8528	
255	110	8638	
256	17	8655	
257	45	8700	
258	62	8762	
259	58	8820	
260	438	9258	
261	25	9283	
262	47	9330	
263	67	9397	
264	35	9432	
265	22	9454	
266	25	9479	
267	15	9494	
268	54	9548	
269	9	9557	
270	22	9579	
271	12	9591	
272	71	9662	
273	37	9699	
274	24	9723	
275	56	9779	
276	24	9803	
277	213	10016	
278	21	10037	
279	11	10048	
280	27	10075	
281	28	10103	
282	26	10129	
283	33	10162	
284	36	10198	
285	11	10209	
286	56	10265	
287	59	10324	
288	33	10357	
289	108	10465	
290	41	10506	
291	92	10598	
292	18	10616	
293	50	10666	
294	49	10715	
295	53	10768	
296	40	10808	
297	60	10868	
298	23	10891	
299	55	10946	
300	38	10984	
301	72	11056	
302	16	11072	
303	30	11102	
304	60	11162	
305	16	11178	
306	23	11201	
307	35	11236	
308	36	11272	
309	64	11336	
310	71	11407	
311	61	11468	
312	14	11482	
313	66	11548	
314	14	11562	
315	27	11589	
316	46	11635	
317	18	11653	
318	28	11681	
319	62	11743	
320	91	11834	
321	76	11910	
322	13	11923	
323	45	11968	
324	19	11987	
325	18	12005	
326	31	12036	
327	24	12060	
328	18	12078	
329	73	12151	
330	9	12160	
331	33	12193	
332	18	12211	
333	10	12221	
334	24	12245	
335	14	12259	
336	36	12295	
337	57	12352	
338	16	12368	
339	23	12391	
340	19	12410	
341	55	12465	
342	16	12481	
343	14	12495	
344	10	12505	
345	7	12512	
346	171	12683	
347	466	13149	
348	46	13195	
349	35	13230	
350	10	13240	
351	28	13268	
352	24	13292	
353	43	13335	
354	10	13345	
355	13	13358	
356	37	13395	
357	27	13422	
358	11	13433	
359	13	13446	
360	7	13453	
361	7	13460	
362	8	13468	
363	9	13477	
364	13	13490	
365	10	13500	
366	21	13521	
367	12	13533	
368	15	13548	
369	22	13570	
370	58	13628	
371	15	13643	
372	20	13663	
373	43	13706	
374	12	13718	
375	12	13730	
376	29	13759	
377	22	13781	
378	18	13799	
379	26	13825	
380	22	13847	
381	23	13870	
382	34	13904	
383	49	13953	
384	19	13972	
385	29	14001	
386	28	14029	
387	11	14040	
388	18	14058	
389	45	14103	
390	14	14117	
391	16	14133	
392	6	14139	
393	24	14163	
394	11	14174	
395	15	14189	
396	20	14209	
397	11	14220	
398	10	14230	
399	11	14241	
400	26	14267	
401	17	14284	
402	21	14305	
403	15	14320	
404	11	14331	
405	19	14350	
406	13	14363	
407	16	14379	
408	14	14393	
409	16	14409	
410	9	14418	
411	8	14426	
412	6	14432	
413	7	14439	
414	13	14452	
415	13	14465	
416	8	14473	
417	11	14484	
418	8	14492	
419	14	14506	
420	17	14523	
421	10	14533	
422	11	14544	
423	12	14556	
424	43	14599	
425	29	14628	
426	46	14674	
427	70	14744	
428	71	14815	
429	186	15001	
430	31	15032	
431	15	15047	
432	50	15097	
433	18	15115	
434	56	15171	
435	25	15196	
436	34	15230	
437	33	15263	
438	33	15296	
439	72	15368	
440	94	15462	
441	16	15478	
442	29	15507	
443	15	15522	
444	35	15557	
445	42	15599	
446	62	15661	
447	37	15698	
448	22	15720	
449	30	15750	
450	55	15805	
451	15	15820	
452	67	15887	
453	22	15909	
454	45	15954	
455	47	16001	
456	86	16087	
457	21	16108	
458	22	16130	
459	31	16161	
460	67	16228	
461	24	16252	
462	63	16315	
463	85	16400	
464	115	16515	
465	35	16550	
466	60	16610	
467	35	16645	
468	79	16724	
469	20	16744	
470	29	16773	
471	18	16791	
472	106	16897	
473	95	16992	
474	24	17016	
475	26	17042	
476	19	17061	
477	35	17096	
478	19	17115	
479	17	17132	
480	53	17185	
481	44	17229	
482	25	17254	
483	29	17283	
484	59	17342	
485	12	17354	
486	39	17393	
487	20	17413	
488	56	17469	
489	35	17504	
490	111	17615	
491	9	17624	
492	25	17649	
493	44	17693	
494	20	17713	
495	19	17732	
496	20	17752	
497	23	17775	
498	48	17823	
499	28	17851	
500	40	17891	
501	18	17909	
502	15	17924	
503	14	17938	
504	15	17953	
505	27	17980	
506	27	18007	
507	8	18015	
508	13	18028	
509	12	18040	
510	22	18062	
511	197	18259	
512	99	18358	
513	30	18388	
514	29	18417	
515	14	18431	
516	19	18450	
517	20	18470	
518	36	18506	
519	49	18555	
520	68	18623	
521	19	18642	
522	41	18683	
523	61	18744	
524	14	18758	
525	11	18769	
526	19	18788	
527	36	18824	
528	35	18859	
529	14	18873	
530	12	18885	
531	9	18894	
532	10	18904	
533	19	18923	
534	27	18950	
535	10	18960	
536	12	18972	
537	11	18983	
538	19	19002	
539	53	19055	
540	62	19117	
541	33	19150	
542	22	19172	
543	13	19185	
544	31	19216	
545	86	19302	
546	50	19352	
547	32	19384	
548	68	19452	
549	52	19504	
550	44	19548	
551	106	19654	
552	89	19743	
553	34	19777	
554	48	19825	
555	24	19849	
556	24	19873	
557	55	19928	
558	44	19972	
559	49	20021	
560	22	20043	
561	12	20055	
562	6	20061	
563	9	20070	
564	45	20115	
565	22	20137	
566	12	20149	
567	9	20158	
568	9	20167	
569	15	20182	
570	20	20202	
571	11	20213	
572	25	20238	
573	26	20264	
574	14	20278	
575	28	20306	
576	24	20330	
577	87	20417	
578	25	20442	
579	30	20472	
580	16	20488	
581	13	20501	
582	57	20558	
583	46	20604	
584	115	20719	
585	42	20761	
586	37	20798	
587	58	20856	
588	55	20911	
589	53	20964	
590	28	20992	
591	65	21057	
592	51	21108	
593	21	21129	
594	15	21144	
595	26	21170	
596	25	21195	
597	24	21219	
598	24	21243	
599	15	21258	
600	33	21291	
601	10	21301	
602	25	21326	
603	34	21360	
604	23	21383	
605	42	21425	
606	41	21466	
607	29	21495	
608	31	21526	
609	29	21555	
610	23	21578	
611	106	21684	
612	48	21732	
613	41	21773	
614	38	21811	
615	17	21828	
616	44	21872	
617	88	21960	
618	32	21992	
619	28	22020	
620	14	22034	
621	15	22049	
622	22	22071	
623	46	22117	
624	18	22135	
625	13	22148	
626	32	22180	
627	41	22221	
628	18	22239	
629	33	22272	
630	29	22301	
631	76	22377	
632	39	22416	
633	57	22473	
634	24	22497	
635	61	22558	
636	30	22588	
637	43	22631	
638	17	22648	
639	107	22755	
640	40	22795	
641	68	22863	
642	26	22889	
643	45	22934	
644	45	22979	
645	68	23047	
646	19	23066	
647	54	23120	
648	27	23147	
649	33	23180	
650	11	23191	
651	17	23208	
652	8	23216	
653	11	23227	
654	295	23522	
655	52	23574	
656	70	23644	
657	34	23678	
658	50	23728	
659	20	23748	
660	45	23793	
661	44	23837	
662	46	23883	
663	70	23953	
664	41	23994	
665	21	24015	
666	13	24028	
667	35	24063	
668	12	24075	
669	12	24087	
670	61	24148	
671	23	24171	
672	20	24191	
673	184	24375	
674	12	24387	
675	21	24408	
676	80	24488	
677	40	24528	
678	32	24560	
679	42	24602	
680	46	24648	
681	44	24692	
682	28	24720	
683	18	24738	
684	19	24757	
685	55	24812	
686	36	24848	
687	101	24949	
688	35	24984	
689	433	25417	
690	211	25628	
691	20	25648	
692	26	25674	
693	42	25716	
694	59	25775	
695	73	25848	
696	52	25900	
697	59	25959	
698	89	26048	
699	37	26085	
700	30	26115	
701	19	26134	
702	21	26155	
703	14	26169	
704	17	26186	
705	28	26214	
706	158	26372	
707	43	26415	
708	23	26438	
709	39	26477	
710	69	26546	
711	49	26595	
712	75	26670	
713	23	26693	
714	226	26919	
715	21	26940	
716	55	26995	
717	165	27160	
718	163	27323	
719	29	27352	
720	17	27369	
721	19	27388	
722	24	27412	
723	36	27448	
724	44	27492	
725	30	27522	
726	22	27544	
727	47	27591	
728	152	27743	
729	22	27765	
730	29	27794	
731	71	27865	
732	23	27888	
733	15	27903	
734	33	27936	
735	18	27954	
736	16	27970	
737	35	28005	
738	28	28033	
739	28	28061	
740	24	28085	
741	36	28121	
742	19	28140	
743	68	28208	
744	23	28231	
745	98	28329	
746	15	28344	
747	15	28359	
748	40	28399	
749	44	28443	
750	22	28465	
751	29	28494	
752	15	28509	
753	20	28529	
754	26	28555	
755	40	28595	
756	14	28609	
757	12	28621	
758	15	28636	
759	84	28720	
760	33	28753	
761	44	28797	
762	47	28844	
763	121	28965	
764	126	29091	
765	27	29118	
766	70	29188	
767	31	29219	
768	43	29262	
769	32	29294	
770	32	29326	
771	21	29347	
772	16	29363	
773	30	29393	
774	49	29442	
775	33	29475	
776	49	29524	
777	11	29535	
778	17	29552	
779	10	29562	
780	55	29617	
781	13	29630	
782	10	29640	
783	18	29658	
784	5	29663	
785	48	29711	
786	12	29723	
787	10	29733	
788	9	29742	
789	9	29751	
790	14	29765	
791	18	29783	
792	33	29816	
793	14	29830	
794	8	29838	
795	7	29845	
796	16	29861	
797	19	29880	
798	34	29914	
799	20	29934	
800	10	29944	
801	8	29952	
802	4	29956	
803	34	29990	
804	63	30053	
805	14	30067	
806	18	30085	
807	15	30100	
808	22	30122	
809	6	30128	
810	8	30136	
811	11	30147	
812	29	30176	
813	12	30188	
814	23	30211	
815	22	30233	
816	12	30245	
817	16	30261	
818	17	30278	
819	130	30408	
820	15	30423	
821	7	30430	
822	18	30448	
823	19	30467	
824	11	30478	
825	6	30484	
826	14	30498	
827	19	30517	
828	40	30557	
829	13	30570	
830	7	30577	
831	11	30588	
832	14	30602	
833	29	30631	
834	25	30656	
835	77	30733	
836	86	30819	
837	24	30843	
838	35	30878	
839	13	30891	
840	13	30904	
841	11	30915	
842	57	30972	
843	39	31011	
844	15	31026	
845	11	31037	
846	10	31047	
847	20	31067	
848	19	31086	
849	15	31101	
850	10	31111	
851	28	31139	
852	11	31150	
853	13	31163	
854	27	31190	
855	28	31218	
856	35	31253	
857	26	31279	
858	12	31291	
859	11	31302	
860	23	31325	
861	21	31346	
862	43	31389	
863	25	31414	
864	26	31440	
865	30	31470	
866	28	31498	
867	13	31511	
868	10	31521	
869	14	31535	
870	11	31546	
871	8	31554	
872	17	31571	
873	13	31584	
874	18	31602	
875	40	31642	
876	24	31666	
877	26	31692	
878	24	31716	
879	30	31746	
880	15	31761	
881	11	31772	
882	10	31782	
883	11	31793	
884	8	31801	
885	20	31821	
886	25	31846	
887	60	31906	
888	26	31932	
889	20	31952	
890	73	32025	
891	11	32036	
892	10	32046	
893	29	32075	
894	20	32095	
895	86	32181	
896	21	32202	
897	25	32227	
898	38	32265	
899	15	32280	
900	40	32320	
901	45	32365	
902	9	32374	
903	16	32390	
904	57	32447	
905	16	32463	
906	46	32509	
907	12	32521	
908	14	32535	
909	56	32591	
910	51	32642	
911	26	32668	
912	22	32690	
913	27	32717	
914	24	32741	
915	19	32760	
916	59	32819	
917	20	32839	
918	18	32857	
919	15	32872	
920	35	32907	
921	32	32939	
922	22	32961	
923	17	32978	
924	56	33034	
925	184	33218	
926	29	33247	
927	38	33285	
928	33	33318	
929	19	33337	
930	30	33367	
931	23	33390	
932	61	33451	
933	39	33490	
934	33	33523	
935	20	33543	
936	60	33603	
937	16	33619	
938	14	33633	
939	72	33705	
940	13	33718	
941	15	33733	
942	34	33767	
943	17	33784	
944	18	33802	
945	56	33858	
946	16	33874	
947	49	33923	
948	17	33940	
949	26	33966	
950	11	33977	
951	7	33984	
952	9	33993	
953	154	34147	
954	30	34177	
955	14	34191	
956	36	34227	
957	34	34261	
958	53	34314	
959	72	34386	
960	47	34433	
961	67	34500	
962	32	34532	
963	80	34612	
964	38	34650	
965	136	34786	
966	84	34870	
967	91	34961	
968	21	34982	
969	31	35013	
970	103	35116	
971	31	35147	
972	19	35166	
973	36	35202	
974	16	35218	
975	11	35229	
976	19	35248	
977	26	35274	
978	20	35294	
979	11	35305	
980	35	35340	
981	13	35353	
982	26	35379	
983	14	35393	
984	165	35558	
985	14	35572	
986	35	35607	
987	15	35622	
988	17	35639	
989	33	35672	
990	28	35700	
991	12	35712	
992	19	35731	
993	21	35752	
994	77	35829	
995	27	35856	
996	20	35876	
997	19	35895	
998	23	35918	
999	53	35971	
1000	24	35995	
1001	23	36018	
1002	26	36044	
1003	17	36061	
1004	29	36090	
1005	22	36112	
1006	30	36142	
1007	83	36225	
1008	35	36260	
1009	37	36297	
1010	67	36364	
1011	55	36419	
1012	13	36432	
1013	39	36471	
1014	34	36505	
1015	33	36538	
1016	21	36559	
1017	18	36577	
1018	26	36603	
1019	18	36621	
1020	71	36692	
1021	36	36728	
1022	15	36743	
1023	17	36760	
1024	38	36798	
1025	19	36817	
1026	93	36910	
1027	23	36933	
1028	66	36999	
1029	39	37038	
1030	19	37057	
1031	46	37103	
1032	65	37168	
1033	43	37211	
1034	25	37236	
1035	19	37255	
1036	28	37283	
1037	20	37303	
1038	23	37326	
1039	32	37358	
1040	132	37490	
1041	27	37517	
1042	39	37556	
1043	17	37573	
1044	80	37653	
1045	42	37695	
1046	73	37768	
1047	34	37802	
1048	25	37827	
1049	254	38081	
1050	25	38106	
1051	90	38196	
1052	42	38238	
1053	26	38264	
1054	57	38321	
1055	16	38337	
1056	125	38462	
1057	43	38505	
1058	68	38573	
1059	37	38610	
1060	48	38658	
1061	19	38677	
1062	30	38707	
1063	24	38731	
1064	37	38768	
1065	71	38839	
1066	11	38850	
1067	60	38910	
1068	10	38920	
1069	28	38948	
1070	42	38990	
1071	18	39008	
1072	10	39018	
1073	89	39107	
1074	55	39162	
1075	79	39241	
1076	19	39260	
1077	32	39292	
1078	47	39339	
1079	52	39391	
1080	37	39428	
1081	31	39459	
1082	16	39475	
1083	23	39498	
1084	107	39605	
1085	17	39622	
1086	24	39646	
1087	64	39710	
1088	52	39762	
1089	41	39803	
1090	12	39815	
1091	22	39837	
1092	17	39854	
1093	18	39872	
1094	57	39929	
1095	48	39977	
1096	41	40018	
1097	18	40036	
1098	24	40060	
1099	17	40077	
1100	24	40101	
1101	19	40120	
1102	24	40144	
1103	125	40269	
1104	139	40408	
1105	30	40438	
1106	13	40451	
1107	12	40463	
1108	18	40481	
1109	34	40515	
1110	92	40607	
1111	17	40624	
1112	30	40654	
1113	22	40676	
1114	22	40698	
1115	18	40716	
1116	42	40758	
1117	20	40778	
1118	75	40853	
1119	41	40894	
1120	21	40915	
1121	17	40932	
1122	15	40947	
1123	18	40965	
1124	27	40992	
1125	26	41018	
1126	20	41038	
1127	49	41087	
1128	11	41098	
1129	34	41132	
1130	36	41168	
1131	23	41191	
1132	91	41282	
1133	86	41368	
1134	56	41424	
1135	70	41494	
1136	47	41541	
1137	39	41580	
1138	33	41613	
1139	92	41705	
1140	16	41721	
1141	21	41742	
1142	19	41761	
1143	34	41795	
1144	31	41826	
1145	45	41871	
1146	31	41902	
1147	41	41943	
1148	17	41960	
1149	34	41994	
1150	9	42003	
1151	94	42097	
1152	99	42196	
1153	19	42215	
1154	21	42236	
1155	61	42297	
1156	10	42307	
1157	16	42323	
1158	22	42345	
1159	27	42372	
1160	20	42392	
1161	19	42411	
1162	35	42446	
1163	39	42485	
1164	16	42501	
1165	45	42546	
1166	32	42578	
1167	122	42700	
1168	69	42769	
1169	21	42790	
1170	18	42808	
1171	40	42848	
1172	46	42894	
1173	71	42965	
1174	60	43025	
1175	29	43054	
1176	16	43070	
1177	19	43089	
1178	32	43121	
1179	17	43138	
1180	26	43164	
1181	11	43175	
1182	17	43192	
1183	17	43209	
1184	22	43231	
1185	69	43300	
1186	33	43333	
1187	40	43373	
1188	48	43421	
1189	49	43470	
1190	21	43491	
1191	12	43503	
1192	19	43522	
1193	21	43543	
1194	23	43566	
1195	9	43575	
1196	20	43595	
1197	21	43616	
1198	89	43705	
1199	40	43745	
1200	83	43828	
1201	17	43845	
1202	24	43869	
1203	22	43891	
1204	29	43920	
1205	26	43946	
1206	77	44023	
1207	28	44051	
1208	50	44101	
1209	50	44151	
1210	29	44180	
1211	14	44194	
1212	122	44316	
1213	35	44351	
1214	67	44418	
1215	62	44480	
1216	53	44533	
1217	45	44578	
1218	72	44650	
1219	21	44671	
1220	40	44711	
1221	26	44737	
1222	85	44822	
1223	60	44882	
1224	29	44911	
1225	33	44944	
1226	13	44957	
1227	68	45025	
1228	106	45131	
1229	36	45167	
1230	60	45227	
1231	28	45255	
1232	160	45415	
1233	42	45457	
1234	76	45533	
1235	13	45546	
1236	77	45623	
1237	41	45664	
1238	51	45715	
1239	45	45760	
1240	156	45916	
1241	19	45935	
1242	42	45977	
1243	44	46021	
1244	27	46048	
1245	108	46156	
1246	77	46233	
1247	65	46298	
1248	63	46361	
1249	49	46410	
1250	27	46437	
1251	98	46535	
1252	63	46598	
1253	23	46621	
1254	15	46636	
1255	15	46651	
1256	17	46668	
1257	33	46701	
1258	21	46722	
1259	24	46746	
1260	51	46797	
1261	35	46832	
1262	19	46851	
1263	46	46897	
1264	12	46909	
1265	9	46918	
1266	12	46930	
1267	24	46954	
1268	16	46970	
1269	20	46990	
1270	25	47015	
1271	20	47035	
1272	27	47062	
1273	21	47083	
1274	9	47092	
1275	12	47104	
1276	14	47118	
1277	36	47154	
1278	38	47192	
1279	10	47202	
1280	21	47223	
1281	19	47242	
1282	18	47260	
1283	17	47277	
1284	8	47285	
1285	35	47320	
1286	20	47340	
1287	32	47372	
1288	36	47408	
1289	13	47421	
1290	13	47434	
1291	31	47465	
1292	25	47490	
1293	14	47504	
1294	17	47521	
1295	12	47533	
1296	14	47547	
1297	11	47558	
1298	9	47567	
1299	15	47582	
1300	36	47618	
1301	15	47633	
1302	30	47663	
1303	8	47671	
1304	12	47683	
1305	13	47696	
1306	141	47837	
1307	142	47979	
1308	51	48030	
1309	14	48044	
1310	39	48083	
1311	10	48093	
1312	11	48104	
1313	6	48110	
1314	13	48123	
1315	11	48134	
1316	15	48149	
1317	15	48164	
1318	11	48175	
1319	17	48192	
1320	50	48242	
1321	12	48254	
1322	23	48277	
1323	12	48289	
1324	22	48311	
1325	26	48337	
1326	27	48364	
1327	85	48449	
1328	23	48472	
1329	62	48534	
1330	11	48545	
1331	56	48601	
1332	29	48630	
1333	211	48841	
1334	46	48887	
1335	70	48957	
1336	6	48963	
1337	14	48977	
1338	31	49008	
1339	21	49029	
1340	15	49044	
1341	40	49084	
1342	44	49128	
1343	22	49150	
1344	21	49171	
1345	13	49184	
1346	9	49193	
1347	9	49202	
1348	7	49209	
1349	10	49219	
1350	25	49244	
1351	49	49293	
1352	30	49323	
1353	28	49351	
1354	21	49372	
1355	29	49401	
1356	9	49410	
1357	19	49429	
1358	25	49454	
1359	14	49468	
1360	10	49478	
1361	29	49507	
1362	49	49556	
1363	17	49573	
1364	36	49609	
1365	10	49619	
1366	20	49639	
1367	1	49640	
1368	24	49664	
1369	18	49682	
1370	10	49692	
1371	72	49764	
1372	11	49775	
1373	8	49783	
1374	16	49799	
1375	7	49806	
1376	8	49814	
1377	8	49822	
1378	8	49830	
1379	12	49842	
1380	21	49863	
1381	10	49873	
1382	15	49888	
1383	23	49911	
1384	10	49921	
1385	27	49948	
1386	5	49953	
1387	11	49964	
1388	95	50059	
1389	26	50085	
1390	17	50102	
1391	11	50113	
1392	15	50128	
1393	6	50134	
1394	9	50143	
1395	6	50149	
1396	13	50162	
1397	8	50170	
1398	11	50181	
1399	24	50205	
1400	18	50223	
1401	43	50266	
1402	14	50280	
1403	12	50292	
1404	11	50303	
1405	24	50327	
1406	8	50335	
1407	14	50349	
1408	18	50367	
1409	43	50410	
1410	24	50434	
1411	20	50454	
1412	11	50465	
1413	11	50476	
1414	18	50494	
1415	8	50502	
1416	10	50512	
1417	20	50532	
1418	28	50560	
1419	49	50609	
1420	30	50639	
1421	37	50676	
1422	13	50689	
1423	31	50720	
1424	16	50736	
1425	38	50774	
1426	32	50806	
1427	19	50825	
1428	30	50855	
1429	21	50876	
1430	16	50892	
1431	19	50911	
1432	24	50935	
1433	11	50946	
1434	14	50960	
1435	31	50991	
1436	31	51022	
1437	29	51051	
1438	77	51128	
1439	21	51149	
1440	92	51241	
1441	98	51339	
1442	76	51415	
1443	49	51464	
1444	20	51484	
1445	31	51515	
1446	36	51551	
1447	10	51561	
1448	20	51581	
1449	7	51588	
1450	6	51594	
1451	24	51618	
1452	10	51628	
1453	24	51652	
1454	12	51664	
1455	11	51675	
1456	31	51706	
1457	37	51743	
1458	18	51761	
1459	21	51782	
1460	23	51805	
1461	42	51847	
1462	37	51884	
1463	74	51958	
1464	42	52000	
1465	146	52146	
1466	30	52176	
1467	38	52214	
1468	41	52255	
1469	12	52267	
1470	9	52276	
1471	164	52440	
1472	39	52479	
1473	24	52503	
1474	191	52694	
1475	19	52713	
1476	14	52727	
1477	77	52804	
1478	47	52851	
1479	11	52862	
1480	117	52979	
1481	35	53014	
1482	102	53116	
1483	15	53131	
1484	51	53182	
1485	9	53191	
1486	4	53195	
1487	11	53206	
1488	7	53213	
1489	22	53235	
1490	19	53254	
1491	14	53268	
1492	27	53295	
1493	54	53349	
1494	45	53394	
1495	26	53420	
1496	26	53446	
1497	31	53477	
1498	18	53495	
1499	58	53553	
1500	43	53596	
1501	86	53682	
1502	24	53706	
1503	22	53728	
1504	81	53809	
1505	72	53881	
1506	70	53951	
1507	15	53966	
1508	24	53990	
1509	18	54008	
1510	20	54028	
1511	16	54044	
1512	23	54067	
1513	20	54087	
1514	16	54103	
1515	46	54149	
1516	13	54162	
1517	10	54172	
1518	33	54205	
1519	141	54346	
1520	18	54364	
1521	42	54406	
1522	13	54419	
1523	17	54436	
1524	14	54450	
1525	41	54491	
1526	50	54541	
1527	16	54557	
1528	56	54613	
1529	45	54658	
1530	39	54697	
1531	59	54756	
1532	26	54782	
1533	56	54838	
1534	31	54869	
1535	45	54914	
1536	25	54939	
1537	24	54963	
1538	174	55137	
1539	18	55155	
1540	13	55168	
1541	39	55207	
1542	19	55226	
1543	28	55254	
1544	101	55355	
1545	33	55388	
1546	30	55418	
1547	24	55442	
1548	51	55493	
1549	40	55533	
1550	197	55730	
1551	28	55758	
1552	54	55812	
1553	39	55851	
1554	27	55878	
1555	50	55928	
1556	21	55949	
1557	54	56003	
1558	97	56100	
1559	25	56125	
1560	26	56151	
1561	24	56175	
1562	31	56206	
1563	24	56230	
1564	41	56271	
1565	45	56316	
1566	31	56347	
1567	192	56539	
1568	86	56625	
1569	25	56650	
1570	27	56677	
1571	66	56743	
1572	15	56758	
1573	14	56772	
1574	18	56790	
1575	23	56813	
1576	42	56855	
1577	8	56863	
1578	14	56877	
1579	67	56944	
1580	21	56965	
1581	23	56988	
1582	11	56999	
1583	36	57035	
1584	66	57101	
1585	39	57140	
1586	16	57156	
1587	10	57166	
1588	23	57189	
1589	34	57223	
1590	28	57251	
1591	20	57271	
1592	34	57305	
1593	20	57325	
1594	20	57345	
1595	37	57382	
1596	25	57407	
1597	30	57437	
1598	42	57479	
1599	31	57510	
1600	19	57529	
1601	87	57616	
1602	11	57627	
1603	17	57644	
1604	11	57655	
1605	30	57685	
1606	26	57711	
1607	31	57742	
1608	52	57794	
1609	25	57819	
1610	57	57876	
1611	11	57887	
1612	11	57898	
1613	12	57910	
1614	49	57959	
1615	101	58060	
1616	34	58094	
1617	24	58118	
1618	66	58184	
1619	23	58207	
1620	109	58316	
1621	56	58372	
1622	114	58486	
1623	44	58530	
1624	102	58632	
1625	35	58667	
1626	71	58738	
1627	26	58764	
1628	17	58781	
1629	21	58802	
1630	98	58900	
1631	29	58929	
1632	16	58945	
1633	40	58985	
1634	13	58998	
1635	13	59011	
1636	10	59021	
1637	41	59062	
1638	35	59097	
1639	14	59111	
1640	17	59128	
1641	48	59176	
1642	26	59202	
1643	26	59228	
1644	30	59258	
1645	18	59276	
1646	16	59292	
1647	13	59305	
1648	15	59320	
1649	23	59343	
1650	66	59409	
1651	26	59435	
1652	25	59460	
1653	26	59486	
1654	19	59505	
1655	28	59533	
1656	67	59600	
1657	76	59676	
1658	19	59695	
1659	132	59827	
1660	24	59851	
1661	136	59987	
1662	28	60015	
1663	50	60065	
1664	28	60093	
1665	100	60193	
1666	18	60211	
1667	29	60240	
1668	22	60262	
1669	72	60334	
1670	42	60376	
1671	21	60397	
1672	66	60463	
1673	68	60531	
1674	35	60566	
1675	57	60623	
1676	21	60644	
1677	18	60662	
1678	21	60683	
1679	8	60691	
1680	10	60701	
1681	15	60716	
1682	17	60733	
1683	20	60753	
1684	8	60761	
1685	17	60778	
1686	33	60811	
1687	18	60829	
1688	12	60841	
1689	7	60848	
1690	22	60870	
1691	89	60959	
1692	26	60985	
1693	19	61004	
1694	13	61017	
1695	24	61041	
1696	18	61059	
1697	27	61086	
1698	8	61094	
1699	9	61103	
1700	9	61112	
1701	12	61124	
1702	20	61144	
1703	7	61151	
1704	9	61160	
1705	14	61174	
1706	14	61188	
1707	12	61200	
1708	21	61221	
1709	9	61230	
1710	11	61241	
1711	24	61265	
1712	19	61284	
1713	14	61298	
1714	10	61308	
1715	21	61329	
1716	6	61335	
1717	12	61347	
1718	12	61359	
1719	12	61371	
1720	20	61391	
1721	21	61412	
1722	12	61424	
1723	33	61457	
1724	17	61474	
1725	12	61486	
1726	19	61505	
1727	12	61517	
1728	13	61530	
1729	10	61540	
1730	11	61551	
1731	12	61563	
1732	8	61571	
1733	12	61583	
1734	22	61605	
1735	27	61632	
1736	7	61639	
1737	7	61646	
1738	6	61652	
1739	10	61662	
1740	8	61670	
1741	18	61688	
1742	58	61746	
1743	19	61765	
1744	15	61780	
1745	36	61816	
1746	38	61854	
1747	22	61876	
1748	10	61886	
1749	34	61920	
1750	16	61936	
1751	15	61951	
1752	7	61958	
1753	8	61966	
1754	43	62009	
1755	9	62018	
1756	11	62029	
1757	9	62038	
1758	14	62052	
1759	7	62059	
1760	10	62069	
1761	13	62082	
1762	13	62095	
1763	8	62103	
1764	14	62117	
1765	18	62135	
1766	7	62142	
1767	37	62179	
1768	12	62191	
1769	29	62220	
1770	32	62252	
1771	10	62262	
1772	53	62315	
1773	36	62351	
1774	23	62374	
1775	25	62399	
1776	20	62419	
1777	19	62438	
1778	19	62457	
1779	12	62469	
1780	12	62481	
1781	8	62489	
1782	16	62505	
1783	23	62528	
1784	22	62550	
1785	27	62577	
1786	9	62586	
1787	15	62601	
1788	10	62611	
1789	13	62624	
1790	7	62631	
1791	14	62645	
1792	19	62664	
1793	10	62674	
1794	7	62681	
1795	5	62686	
1796	9	62695	
1797	11	62706	
1798	16	62722	
1799	26	62748	
1800	58	62806	
1801	18	62824	
1802	28	62852	
1803	22	62874	
1804	26	62900	
1805	19	62919	
1806	22	62941	
1807	7	62948	
1808	9	62957	
1809	24	62981	
1810	19	63000	
1811	26	63026	
1812	15	63041	
1813	33	63074	
1814	97	63171	
1815	52	63223	
1816	26	63249	
1817	24	63273	
1818	22	63295	
1819	14	63309	
1820	16	63325	
1821	16	63341	
1822	42	63383	
1823	8	63391	
1824	10	63401	
1825	11	63412	
1826	17	63429	
1827	49	63478	
1828	23	63501	
1829	19	63520	
1830	16	63536	
1831	13	63549	
1832	17	63566	
1833	33	63599	
1834	18	63617	
1835	13	63630	
1836	13	63643	
1837	122	63765	
1838	4	63769	
1839	32	63801	
1840	44	63845	
1841	12	63857	
1842	16	63873	
1843	11	63884	
1844	47	63931	
1845	22	63953	
1846	37	63990	
1847	35	64025	
1848	13	64038	
1849	9	64047	
1850	35	64082	
1851	28	64110	
1852	16	64126	
1853	14	64140	
1854	10	64150	
1855	22	64172	
1856	12	64184	
1857	26	64210	
1858	40	64250	
1859	40	64290	
1860	13	64303	
1861	17	64320	
1862	14	64334	
1863	28	64362	
1864	33	64395	
1865	39	64434	
1866	41	64475	
1867	28	64503	
1868	15	64518	
1869	10	64528	
1870	9	64537	
1871	7	64544	
1872	7	64551	
1873	11	64562	
1874	6	64568	
1875	12	64580	
1876	14	64594	
1877	14	64608	
1878	11	64619	
1879	15	64634	
1880	23	64657	
1881	15	64672	
1882	14	64686	
1883	13	64699	
1884	22	64721	
1885	22	64743	
1886	13	64756	
1887	14	64770	
1888	13	64783	
1889	16	64799	
1890	25	64824	
1891	28	64852	
1892	13	64865	
1893	9	64874	
1894	10	64884	
1895	22	64906	
1896	20	64926	
1897	22	64948	
1898	37	64985	
1899	16	65001	
1900	21	65022	
1901	16	65038	
1902	28	65066	
1903	50	65116	
1904	16	65132	
1905	36	65168	
1906	41	65209	
1907	38	65247	
1908	7	65254	
1909	21	65275	
1910	21	65296	
1911	27	65323	
1912	15	65338	
1913	20	65358	
1914	10	65368	
1915	7	65375	
1916	6	65381	
1917	12	65393	
1918	33	65426	
1919	20	65446	
1920	17	65463	
1921	30	65493	
1922	11	65504	
1923	22	65526	
1924	33	65559	
1925	16	65575	
1926	7	65582	
1927	9	65591	
1928	18	65609	
1929	13	65622	
1930	17	65639	
1931	11	65650	
1932	15	65665	
1933	10	65675	
1934	19	65694	
1935	10	65704	
1936	16	65720	
1937	15	65735	
1938	18	65753	
1939	34	65787	
1940	17	65804	
1941	21	65825	
1942	23	65848	
1943	19	65867	
1944	19	65886	
1945	26	65912	
1946	20	65932	
1947	45	65977	
1948	45	66022	
1949	26	66048	
1950	25	66073	
1951	46	66119	
1952	13	66132	
1953	20	66152	
1954	15	66167	
1955	30	66197	
1956	44	66241	
1957	43	66284	
1958	12	66296	
1959	28	66324	
1960	14	66338	
1961	35	66373	
1962	11	66384	
1963	7	66391	
1964	9	66400	
1965	18	66418	
1966	18	66436	
1967	52	66488	
1968	21	66509	
1969	35	66544	
1970	70	66614	
1971	36	66650	
1972	36	66686	
1973	43	66729	
1974	26	66755	
1975	74	66829	
1976	28	66857	
1977	17	66874	
1978	30	66904	
1979	52	66956	
1980	47	67003	
1981	27	67030	
1982	20	67050	
1983	25	67075	
1984	21	67096	
1985	20	67116	
1986	59	67175	
1987	27	67202	
1988	32	67234	
1989	48	67282	
1990	63	67345	
1991	14	67359	
1992	154	67513	
1993	31	67544	
1994	20	67564	
1995	19	67583	
1996	18	67601	
1997	39	67640	
1998	34	67674	
1999	52	67726	
2000	35	67761	
2001	44	67805	
2002	22	67827	
2003	25	67852	
2004	89	67941	
2005	60	68001	
2006	10	68011	
2007	19	68030	
2008	26	68056	
2009	24	68080	
2010	19	68099	
2011	19	68118	
2012	30	68148	
2013	22	68170	
2014	22	68192	
2015	17	68209	
2016	17	68226	
2017	43	68269	
2018	41	68310	
2019	9	68319	
2020	15	68334	
2021	25	68359	
2022	14	68373	
2023	8	68381	
2024	38	68419	
2025	15	68434	
2026	13	68447	
2027	10	68457	
2028	48	68505	
2029	34	68539	
2030	18	68557	
2031	27	68584	
2032	38	68622	
2033	47	68669	
2034	8	68677	
2035	17	68694	
2036	12	68706	
2037	13	68719	
2038	71	68790	
2039	9	68799	
2040	12	68811	
2041	12	68823	
2042	18	68841	
2043	24	68865	
2044	11	68876	
2045	16	68892	
2046	48	68940	
2047	25	68965	
2048	32	68997	
2049	10	69007	
2050	5	69012	
2051	32	69044	
2052	11	69055	
2053	13	69068	
2054	8	69076	
2055	12	69088	
2056	6	69094	
2057	13	69107	
2058	39	69146	
2059	24	69170	
2060	54	69224	
2061	7	69231	
2062	22	69253	
2063	8	69261	
2064	8	69269	
2065	9	69278	
2066	15	69293	
2067	7	69300	
2068	9	69309	
2069	10	69319	
2070	11	69330	
2071	58	69388	
2072	84	69472	
2073	17	69489	
2074	58	69547	
2075	9	69556	
2076	26	69582	
2077	17	69599	
2078	12	69611	
2079	8	69619	
2080	36	69655	
2081	20	69675	
2082	14	69689	
2083	28	69717	
2084	34	69751	
2085	103	69854	
2086	14	69868	
2087	39	69907	
2088	18	69925	
2089	13	69938	
2090	14	69952	
2091	13	69965	
2092	18	69983	
2093	39	70022	
2094	29	70051	
2095	8	70059	
2096	22	70081	
2097	15	70096	
2098	24	70120	
2099	20	70140	
2100	14	70154	
2101	19	70173	
2102	13	70186	
2103	14	70200	
2104	61	70261	
2105	51	70312	
2106	29	70341	
2107	13	70354	
2108	9	70363	
2109	18	70381	
2110	25	70406	
2111	27	70433	
2112	41	70474	
2113	13	70487	
2114	86	70573	
2115	21	70594	
2116	20	70614	
2117	36	70650	
2118	45	70695	
2119	39	70734	
2120	26	70760	
2121	23	70783	
2122	13	70796	
2123	35	70831	
2124	21	70852	
2125	9	70861	
2126	15	70876	
2127	15	70891	
2128	49	70940	
2129	18	70958	
2130	26	70984	
2131	38	71022	
2132	37	71059	
2133	8	71067	
2134	14	71081	
2135	18	71099	
2136	19	71118	
2137	19	71137	
2138	37	71174	
2139	14	71188	
2140	33	71221	
2141	6	71227	
2142	31	71258	
2143	9	71267	
2144	19	71286	
2145	11	71297	
2146	31	71328	
2147	32	71360	
2148	24	71384	
2149	56	71440	
2150	25	71465	
2151	14	71479	
2152	37	71516	
2153	25	71541	
2154	12	71553	
2155	28	71581	
2156	12	71593	
2157	10	71603	
2158	8	71611	
2159	10	71621	
2160	11	71632	
2161	20	71652	
2162	11	71663	
2163	23	71686	
2164	22	71708	
2165	15	71723	
2166	19	71742	
2167	11	71753	
2168	24	71777	
2169	60	71837	
2170	17	71854	
2171	20	71874	
2172	18	71892	
2173	14	71906	
2174	23	71929	
2175	14	71943	
2176	28	71971	
2177	56	72027	
2178	7	72034	
2179	11	72045	
2180	14	72059	
2181	33	72092	
2182	37	72129	
2183	20	72149	
2184	14	72163	
2185	56	72219	
2186	47	72266	
2187	14	72280	
2188	31	72311	
2189	23	72334	
2190	13	72347	
2191	8	72355	
2192	7	72362	
2193	30	72392	
2194	126	72518	
2195	39	72557	
2196	36	72593	
2197	39	72632	
2198	29	72661	
2199	30	72691	
2200	103	72794	
2201	34	72828	
2202	47	72875	
2203	21	72896	
2204	14	72910	
2205	45	72955	
2206	24	72979	
2207	9	72988	
2208	8	72996	
2209	28	73024	
2210	19	73043	
2211	14	73057	
2212	60	73117	
2213	33	73150	
2214	39	73189	
2215	16	73205	
2216	18	73223	
2217	29	73252	
2218	27	73279	
2219	27	73306	
2220	12	73318	
2221	22	73340	
2222	14	73354	
2223	31	73385	
2224	10	73395	
2225	33	73428	
2226	41	73469	
2227	22	73491	
2228	12	73503	
2229	6	73509	
2230	19	73528	
2231	53	73581	
2232	14	73595	
2233	10	73605	
2234	16	73621	
2235	14	73635	
2236	25	73660	
2237	14	73674	
2238	47	73721	
2239	37	73758	
2240	11	73769	
2241	29	73798	
2242	25	73823	
2243	28	73851	
2244	23	73874	
2245	17	73891	
2246	26	73917	
2247	37	73954	
2248	26	73980	
2249	11	73991	
2250	39	74030	
2251	24	74054	
2252	13	74067	
2253	23	74090	
2254	34	74124	
2255	32	74156	
2256	88	74244	
2257	20	74264	
2258	134	74398	
2259	33	74431	
2260	74	74505	
2261	25	74530	
2262	109	74639	
2263	21	74660	
2264	20	74680	
2265	24	74704	
2266	17	74721	
2267	15	74736	
2268	14	74750	
2269	31	74781	
2270	10	74791	
2271	15	74806	
2272	9	74815	
2273	29	74844	
2274	97	74941	
2275	30	74971	
2276	48	75019	
2277	19	75038	
2278	21	75059	
2279	9	75068	
2280	12	75080	
2281	19	75099	
2282	27	75126	
2283	40	75166	
2284	32	75198	
2285	15	75213	
2286	18	75231	
2287	11	75242	
2288	16	75258	
2289	16	75274	
2290	23	75297	
2291	14	75311	
2292	13	75324	
2293	15	75339	
2294	12	75351	
2295	26	75377	
2296	24	75401	
2297	37	75438	
2298	16	75454	
2299	19	75473	
2300	21	75494	
2301	15	75509	
2302	18	75527	
2303	17	75544	
2304	21	75565	
2305	32	75597	
2306	44	75641	
2307	70	75711	
2308	22	75733	
2309	26	75759	
2310	21	75780	
2311	39	75819	
2312	55	75874	
2313	29	75903	
2314	13	75916	
2315	14	75930	
2316	17	75947	
2317	21	75968	
2318	7	75975	
2319	13	75988	
2320	11	75999	
2321	11	76010	
2322	31	76041	
2323	13	76054	
2324	1	76055	
2325	23	76078	
2326	13	76091	
2327	18	76109	
2328	19	76128	
2329	7	76135	
2330	16	76151	
2331	27	76178	
2332	46	76224	
2333	210	76434	
2334	161	76595	
2335	355	76950	
2336	66	77016	
2337	320	77336	
2338	13	77349	
2339	6	77355	
2340	6	77361	
2341	38	77399	